9.994507 9.993286 9.992676 9.982299 9.968261 9.967650 9.962767 9.959716 9.956664 9.955443 
9.950560 9.949339 9.948729 9.946898 9.945067 9.941404 9.940794 9.939573 9.924924 9.919431 
9.916379 9.914548 9.913327 9.910276 9.897458 9.896237 9.894406 9.886471 9.884640 9.884030 
9.882809 9.877926 9.874264 9.871822 9.869991 9.869381 9.868160 9.859004 9.852901 9.851070 
9.849239 9.841914 9.834590 9.830317 9.825434 9.824213 9.822382 9.810175 9.808954 9.799799 
9.799188 9.796136 9.796136 9.794305 9.793085 9.790643 9.789422 9.783319 9.780267 9.778436 
9.777215 9.774163 9.772942 9.771722 9.771722 9.762566 9.758904 9.758904 9.757683 9.757073 
9.754631 9.754631 9.753410 9.744255 9.743645 9.738151 9.730827 9.725333 9.724723 9.724723 
9.724113 9.722282 9.721671 9.718619 9.714347 9.711905 9.708853 9.707022 9.704581 9.697867 
9.692373 9.692373 9.689932 9.688711 9.680776 9.680776 9.677114 9.675283 9.674673 9.671621 
9.657582 9.652089 9.644765 9.639882 9.634999 9.634388 9.627674 9.617908 9.616077 9.614856 
9.611194 9.604480 9.591662 9.591662 9.588610 9.588000 9.587390 9.586169 9.583728 9.577013 
9.575182 9.572741 9.571520 9.570910 9.561144 9.559313 9.554430 9.550768 9.550768 9.548936 
9.540391 9.528184 9.526353 9.523911 9.522691 9.522080 9.520859 9.520249 9.516587 9.515366 
9.510483 9.509873 9.508042 9.506821 9.498886 9.494613 9.487289 9.484237 9.479354 9.479354 
9.478744 9.478133 9.477523 9.476302 9.468368 9.465926 9.462874 9.459212 9.459212 9.451888 
9.442122 9.440901 9.434797 9.428083 9.425642 9.423200 9.420148 9.413434 9.412214 9.403058 
9.401837 9.399396 9.390851 9.386578 9.385357 9.377422 9.376812 9.373760 9.373150 9.370708 
9.368877 9.368267 9.368267 9.367046 9.364605 9.363994 9.357280 9.354228 9.348735 9.344462 
9.335307 9.327982 9.326762 9.326151 9.324320 9.318827 9.303568 9.297464 9.293802 9.292581 
9.282205 9.281594 9.280374 9.279763 9.278542 9.274880 9.270608 9.269387 9.256569 9.254128 
9.252907 9.241310 9.238868 9.237648 9.235817 9.226661 9.225440 9.224219 9.219947 9.209571 
9.209571 9.208350 9.205908 9.202857 9.199805 9.196753 9.185156 9.177221 9.174169 9.160131 
9.158300 9.156468 9.146702 9.144871 9.141820 9.141820 9.139988 9.130222 9.128391 9.126560 
9.122288 9.113132 9.110691 9.108249 9.105808 9.103977 9.096652 9.096042 9.094211 9.088107 
9.082614 9.076510 9.075900 9.072237 9.071627 9.069185 9.047212 9.044771 9.038667 9.037446 
9.031953 9.023408 9.013031 9.011811 9.005707 9.000824 9.000824 8.992279 8.991668 8.990448 
8.987396 8.987396 8.981292 8.978851 8.974578 8.972747 8.962371 8.958708 8.948943 8.948332 
8.947722 8.939177 8.937346 8.925748 8.924528 8.923917 8.919034 8.917203 8.905606 8.903775 
8.903775 8.903165 8.901944 8.900113 8.897061 8.896451 8.892178 8.888516 8.887906 8.879971 
8.870815 8.870815 8.869594 8.868984 8.865932 8.864711 8.863491 8.856166 8.853114 8.850673 
8.850063 8.845180 8.842738 8.837245 8.831141 8.828089 8.823206 8.819544 8.819544 8.798791 
8.795740 8.795129 8.794519 8.790857 8.790246 8.783532 8.779260 8.767052 8.759728 8.758507 
8.755455 8.749962 8.746910 8.746910 8.742027 8.734092 8.730430 8.724937 8.721274 8.720664 
8.713340 8.708457 8.706015 8.702353 8.695029 8.690756 8.685263 8.682211 8.679159 8.670003 
8.667562 8.662679 8.654744 8.653523 8.639485 8.638874 8.637654 8.635823 8.633381 8.628498 
8.628498 8.627277 8.621174 8.619953 8.618732 8.616901 8.605914 8.605914 8.604694 8.594317 
8.591266 8.583331 8.580889 8.579669 8.577837 8.576006 8.563799 8.558916 8.555254 8.553423 
8.547319 8.544877 8.541826 8.540605 8.535112 8.534501 8.533891 8.533280 8.525346 8.524735 
8.523515 8.522904 8.519242 8.510086 8.507645 8.503372 8.501541 8.501541 8.497269 8.494827 
8.491165 8.487503 8.486282 8.482009 8.482009 8.475906 8.469802 8.469192 8.459426 8.450270 
8.449660 8.449049 8.447829 8.446608 8.446608 8.439894 8.439283 8.438063 8.433790 8.433790 
8.433180 8.430128 8.429518 8.429518 8.421583 8.416700 8.407544 8.392895 8.388623 8.388012 
8.386181 8.379467 8.377636 8.372143 8.370922 8.368480 8.365429 8.352000 8.350780 8.344676 
8.342235 8.339793 8.337352 8.334300 8.323923 8.320872 8.320872 8.318430 8.317820 8.313547 
8.310495 8.303781 8.296457 8.295236 8.294015 8.292184 8.289743 8.288522 8.286081 8.283639 
8.280587 8.279977 8.278756 8.278146 8.267159 8.259835 8.257393 8.245796 8.241523 8.236641 
8.236030 8.236030 8.233589 8.232368 8.226875 8.225654 8.219550 8.218940 8.218940 8.213446 
8.188421 8.181707 8.176214 8.174383 8.173772 8.159734 8.155461 8.149968 8.142644 8.138371 
8.136540 8.134709 8.130436 8.127995 8.121891 8.110904 8.102969 8.094424 8.093204 8.090762 
8.082217 8.081606 8.076724 8.074892 8.074282 8.071841 8.059023 8.059023 8.059023 8.057802 
8.055361 8.050478 8.048036 8.041322 8.040101 8.035829 8.030335 8.029115 8.026063 8.024842 
8.018738 8.018738 8.013855 8.013855 8.011414 8.010193 8.008972 8.008362 8.007752 8.006531 
8.004089 8.001038 8.000427 7.999207 7.977233 7.972961 7.969298 7.965636 7.965636 7.963805 
7.955260 7.943052 7.941221 7.937559 7.931455 7.910092 7.897885 7.897275 7.894833 7.890561 
7.885678 7.883236 7.879574 7.877132 7.867977 7.866756 7.863704 7.860652 7.856990 7.853328 
7.850276 7.847835 7.843562 7.842341 7.828303 7.817927 7.817927 7.817316 7.812433 7.808771 
7.805109 7.795953 7.794733 7.788018 7.786798 7.777642 7.775201 7.772759 7.772149 7.766045 
7.764214 7.761162 7.759941 7.756890 7.752617 7.745293 7.734306 7.725150 7.717826 7.709281 
7.706839 7.706229 7.704398 7.701346 7.698904 7.697684 7.697684 7.695242 7.695242 7.683035 
7.677541 7.673879 7.672658 7.669607 7.667776 7.667165 7.662282 7.658010 7.656178 7.651296 
7.648854 7.643361 7.628101 7.625050 7.619556 7.609180 7.606738 7.606738 7.600024 7.596362 
7.594531 7.593310 7.589648 7.586596 7.582934 7.576830 7.570727 7.564013 7.562792 7.560350 
7.557909 7.556078 7.548753 7.546922 7.541429 7.529832 7.524949 7.524339 7.514573 7.507248 
7.503586 7.501144 7.501144 7.500534 7.499313 7.494430 7.491989 7.488937 7.487716 7.470016 
7.470016 7.463912 7.460250 7.451704 7.449873 7.448653 7.448042 7.440107 7.438276 7.433393 
7.430952 7.418134 7.415082 7.413251 7.407758 7.399213 7.395550 7.394940 7.393719 7.388836 
7.382733 7.381512 7.378460 7.373577 7.369304 7.364422 7.363811 7.363811 7.362590 7.358928 
7.358928 7.337565 7.335734 7.325968 7.318033 7.310709 7.302164 7.297891 7.297281 7.295450 
7.285684 7.283242 7.274697 7.272256 7.270425 7.265542 7.264931 7.260048 7.254555 7.249062 
7.247230 7.244789 7.244789 7.244789 7.242347 7.236854 7.236244 7.235023 7.232582 7.221595 
7.220374 7.216712 7.216102 7.209387 7.200232 7.200232 7.194128 7.189245 7.188025 7.184362 
7.180700 7.178869 7.173376 7.170934 7.159948 7.158727 7.148350 7.144688 7.143468 7.139805 
7.138585 7.133702 7.130650 7.125767 7.123936 7.121494 7.118442 7.117832 7.108066 7.096469 
7.090976 7.089755 7.089755 7.089145 7.088534 7.084262 7.081210 7.078158 7.072665 7.072054 
7.067782 7.062899 7.061678 7.058016 7.053133 7.050691 7.048860 7.048860 7.045198 7.041536 
7.036042 7.033601 7.020783 7.020173 7.019562 7.015900 7.008576 7.003693 7.001862 7.001251 
6.997589 6.992706 6.992096 6.988433 6.986602 6.985382 6.981719 6.981719 6.976836 6.976226 
6.967071 6.965850 6.961577 6.960967 6.956694 6.955473 6.946318 6.943876 6.931059 6.929838 
6.929228 6.912748 6.911527 6.900540 6.895657 6.894436 6.893826 6.889554 6.886502 6.876736 
6.874294 6.870632 6.868191 6.867580 6.866359 6.861476 6.851100 6.850490 6.847438 6.840724 
6.840724 6.840114 6.834620 6.834620 6.832789 6.831568 6.830348 6.816309 6.815699 6.814478 
6.814478 6.808374 6.800439 6.799219 6.779687 6.774194 6.772973 6.769311 6.767479 6.759545 
6.757714 6.747337 6.746117 6.746117 6.745506 6.743675 6.743065 6.740013 6.740013 6.737571 
6.736961 6.733299 6.731468 6.730857 6.729026 6.710715 6.710105 6.708274 6.695456 6.688131 
6.684469 6.683248 6.678976 6.669820 6.664327 6.659444 6.659444 6.655171 6.652730 6.640522 
6.638081 6.627705 6.625874 6.624042 6.620991 6.620991 6.619770 6.613666 6.610614 6.605731 
6.605121 6.603290 6.603290 6.600238 6.594745 6.586810 6.584979 6.583758 6.582537 6.578875 
6.576434 6.569720 6.567888 6.563005 6.555681 6.553850 6.548357 6.547136 6.542253 6.533097 
6.526994 6.525163 6.524552 6.522721 6.516617 6.511124 6.509903 6.508072 6.505631 6.500748 
6.498306 6.494644 6.473891 6.464736 6.462294 6.462294 6.458022 6.455580 6.448866 6.445814 
6.444594 6.439711 6.436048 6.411023 6.404920 6.395764 6.392712 6.387219 6.386608 6.380505 
6.379284 6.377453 6.367687 6.364025 6.360973 6.359142 6.357921 6.357311 6.356090 6.354869 
6.351207 6.348155 6.345714 6.344493 6.343272 6.342662 6.341441 6.335948 6.334727 6.334727 
6.331675 6.319468 6.312143 6.307260 6.306650 6.304819 6.303598 6.294443 6.293222 6.289560 
6.276131 6.268807 6.263314 6.262703 6.250496 6.246223 6.240120 6.230964 6.227912 6.227912 
6.223640 6.219367 6.204718 6.201056 6.200446 6.199835 6.192511 6.174810 6.168096 6.166875 
6.164434 6.161382 6.158940 6.155889 6.155889 6.155278 6.148564 6.148564 6.144902 6.144292 
6.140629 6.138188 6.133915 6.130253 6.129643 6.129643 6.126591 6.124760 6.124149 6.122318 
6.120487 6.115604 6.105228 6.099734 6.099124 6.097903 6.090579 6.088137 6.081423 6.080203 
6.078372 6.077151 6.077151 6.077151 6.067385 6.062502 6.061281 6.055177 6.054567 6.050295 
6.040529 6.038087 6.036256 6.035646 6.035646 6.034425 6.033815 6.030763 6.027711 6.010620 
5.997803 5.994751 5.985595 5.982543 5.981323 5.977660 5.977660 5.976440 5.975219 5.969726 
5.958739 5.956297 5.941038 5.939207 5.936155 5.924558 5.917844 5.917234 5.916623 5.916013 
5.914182 5.911740 5.908078 5.897092 5.896481 5.895871 5.894040 5.880612 5.875729 5.870235 
5.857418 5.853145 5.852535 5.851314 5.843379 5.835444 5.824458 5.815302 5.800653 5.798212 
5.790277 5.787835 5.771966 5.770745 5.767693 5.748161 5.729240 5.725578 5.722526 5.719474 
5.719474 5.718863 5.716422 5.708487 5.707266 5.702994 5.702994 5.699942 5.694449 5.691397 
5.689566 5.688955 5.685904 5.685293 5.684072 5.681631 5.676748 5.673086 5.667592 5.666372 
5.666372 5.663930 5.654164 5.652944 5.647450 5.645619 5.638905 5.637684 5.633412 5.629749 
5.627308 5.623646 5.623646 5.610828 5.602283 5.601672 5.599841 5.593738 5.593127 5.590075 
5.587634 5.587024 5.585192 5.573595 5.571154 5.566271 5.543077 5.540025 5.536363 5.534532 
5.532701 5.529038 5.524155 5.523545 5.518052 5.515610 5.514389 5.513169 5.509507 5.505844 
5.504624 5.500351 5.500351 5.497909 5.495468 5.494858 5.489975 5.484481 5.481429 5.466781 
5.462508 5.461287 5.457625 5.456404 5.455794 5.451521 5.450301 5.446028 5.445418 5.444807 
5.439924 5.416730 5.414899 5.411847 5.410016 5.405744 5.405744 5.399030 5.394757 5.392315 
5.380718 5.378887 5.376446 5.369121 5.362407 5.361187 5.360576 5.353862 5.349590 5.348369 
5.347758 5.340434 5.334941 5.333720 5.323954 5.322733 5.319071 5.317240 5.315409 5.314798 
5.301981 5.296487 5.295877 5.295267 5.294656 5.277566 5.271462 5.261696 5.255593 5.234230 
5.225684 5.225684 5.219581 5.204321 5.196997 5.195166 5.194555 5.193945 5.192114 5.189673 
5.188452 5.187841 5.184790 5.175024 5.172582 5.169530 5.165868 5.165868 5.162816 5.160375 
5.156102 5.154271 5.154271 5.140233 5.139622 5.139622 5.135350 5.132908 5.132908 5.113376 
5.112766 5.110324 5.102390 5.098117 5.094455 5.080416 5.080416 5.073092 5.070650 5.068819 
5.064547 5.063936 5.054170 5.053560 5.052339 5.051119 5.050508 5.048677 5.046236 5.040132 
5.032197 5.031587 5.024873 5.022431 5.018769 5.018159 5.017548 5.010224 5.008393 5.002899 
4.996185 4.994354 4.993744 4.991913 4.979705 4.968108 4.967498 4.963836 4.963225 4.961394 
4.957732 4.952239 4.950407 4.949797 4.947966 4.946135 4.943693 4.941862 4.937590 4.935148 
4.925993 4.920499 4.914396 4.912564 4.911954 4.911344 4.904019 4.904019 4.898526 4.890591 
4.884487 4.882656 4.877163 4.872890 4.872280 4.871059 4.868007 4.864956 4.863124 4.847865 
4.846644 4.841151 4.838710 4.837489 4.833827 4.833216 4.828944 4.826502 4.820399 4.817957 
4.816736 4.812464 4.806970 4.806360 4.806360 4.797205 4.788659 4.788659 4.786218 4.781335 
4.778283 4.762413 4.762413 4.759972 4.759972 4.758141 4.753258 4.749596 4.748985 4.747765 
4.745323 4.744102 4.739830 4.736778 4.734947 4.730064 4.730064 4.725181 4.718467 4.717856 
4.716025 4.714805 4.699545 4.697714 4.694052 4.694052 4.691610 4.691000 4.686728 4.680624 
4.670248 4.668416 4.665365 4.663533 4.658040 4.654988 4.652547 4.650105 4.648274 4.648274 
4.639729 4.637288 4.636067 4.635456 4.635456 4.633625 4.632405 4.628742 4.628132 4.622639 
4.619587 4.618976 4.618976 4.618976 4.615314 4.606769 4.606159 4.599445 4.593951 4.584185 
4.582965 4.582354 4.579913 4.577471 4.574419 4.561602 4.559771 4.551836 4.550615 4.537797 
4.537797 4.531693 4.529252 4.526811 4.518265 4.517045 4.515824 4.515213 4.503616 4.501175 
4.496292 4.494461 4.489578 4.488968 4.484695 4.481033 4.477981 4.475539 4.474929 4.474929 
4.446852 4.446242 4.440138 4.433424 4.430372 4.429762 4.426710 4.423658 4.423658 4.418165 
4.399854 4.399243 4.385815 4.384594 4.378491 4.378491 4.373608 4.372387 4.371776 4.362011 
4.360179 4.357738 4.357738 4.355907 4.351024 4.349193 4.347972 4.343089 4.340037 4.338816 
4.338206 4.336985 4.335154 4.328440 4.321726 4.318064 4.313181 4.291208 4.277169 4.274117 
4.270455 4.255196 4.249702 4.244209 4.242378 4.241157 4.239937 4.237495 4.237495 4.236885 
4.231391 4.230781 4.227119 4.225288 4.224067 4.223457 4.221015 4.210639 4.205145 4.204535 
4.195990 4.189886 4.185614 4.185614 4.185003 4.182562 4.182562 4.169744 4.164861 4.164861 
4.163640 4.158147 4.154485 4.153264 4.149602 4.143498 4.141667 4.139836 4.138005 4.138005 
4.131901 4.128239 4.117252 4.114200 4.112369 4.112369 4.108097 4.100162 4.097720 4.095889 
4.092837 4.091006 4.089785 4.082461 4.081240 4.080630 4.069033 4.067202 4.065371 4.064760 
4.061098 4.059267 4.046449 4.044618 4.039125 4.035463 4.028138 4.028138 4.023865 4.022645 
4.012268 4.011658 4.007996 3.997009 3.992126 3.991516 3.988464 3.987243 3.986023 3.984802 
3.981750 3.981750 3.971984 3.970763 3.970153 3.969543 3.968322 3.966491 3.962828 3.954283 
3.952452 3.948180 3.938414 3.934751 3.929258 3.926206 3.915830 3.912168 3.910947 3.909726 
3.906674 3.899350 3.895077 3.886532 3.884091 3.880428 3.877377 3.876156 3.871883 3.869442 
3.866390 3.859676 3.856624 3.850520 3.848079 3.838923 3.838313 3.834040 3.830378 3.829768 
3.817560 3.813288 3.809626 3.805963 3.804743 3.801691 3.791314 3.783990 3.782159 3.778497 
3.766289 3.764458 3.763848 3.759575 3.758354 3.758354 3.748589 3.746147 3.733329 3.732719 
3.729057 3.722343 3.720511 3.718680 3.715629 3.709525 3.702200 3.702200 3.697928 3.683279 
3.681448 3.673513 3.667409 3.660085 3.659474 3.659474 3.657643 3.654592 3.651540 3.645436 
3.640553 3.624073 3.622242 3.617359 3.610645 3.609424 3.606372 3.605762 3.602710 3.597827 
3.594165 3.594165 3.578906 3.571581 3.571581 3.571581 3.569140 3.563646 3.563646 3.558153 
3.555712 3.554491 3.551439 3.543504 3.542894 3.541673 3.541063 3.540452 3.539232 3.536180 
3.536180 3.534349 3.530686 3.530686 3.529466 3.525193 3.516648 3.516037 3.514206 3.511765 
3.508713 3.506882 3.505661 3.502609 3.500778 3.487960 3.480026 3.478195 3.472701 3.465987 
3.462935 3.462935 3.460494 3.459883 3.459883 3.455000 3.445235 3.440352 3.433027 3.431196 
3.428755 3.428755 3.420820 3.417768 3.411054 3.409223 3.400678 3.398236 3.395795 3.386029 
3.384198 3.383587 3.382977 3.380535 3.379315 3.375652 3.373211 3.366497 3.366497 3.365886 
3.364666 3.358562 3.353069 3.350627 3.349406 3.340861 3.332926 3.332316 3.330485 3.328654 
3.315836 3.314615 3.314615 3.309122 3.307901 3.306681 3.306681 3.301798 3.298746 3.298135 
3.293252 3.288369 3.286538 3.282266 3.282266 3.282266 3.279214 3.275552 3.274941 3.271889 
3.271889 3.271889 3.254799 3.242592 3.237709 3.226722 3.224281 3.223670 3.220008 3.218787 
3.215735 3.212073 3.209632 3.207801 3.201086 3.200476 3.185827 3.182165 3.169347 3.165685 
3.160192 3.157140 3.149815 3.146764 3.141270 3.138829 3.138829 3.137608 3.137608 3.129063 
3.128452 3.127842 3.126011 3.120518 3.119297 3.116245 3.115024 3.108310 3.096713 3.096103 
3.088168 3.085116 3.079012 3.077181 3.064974 3.061312 3.055208 3.052767 3.048494 3.048494 
3.044221 3.040559 3.035066 3.032624 3.030183 3.028352 3.026521 3.017975 3.015534 3.009430 
2.993561 2.984405 2.984405 2.980132 2.979522 2.977691 2.965484 2.952055 2.950835 2.945341 
2.942900 2.939238 2.938627 2.935575 2.934965 2.933744 2.931913 2.930692 2.925810 2.925199 
2.917264 2.914823 2.902615 2.901395 2.899564 2.890408 2.887967 2.887356 2.881863 2.875759 
2.873318 2.870876 2.870266 2.870266 2.869655 2.868435 2.859890 2.858058 2.847682 2.845241 
2.838527 2.833644 2.829981 2.827540 2.826930 2.822657 2.820826 2.820826 2.817164 2.802515 
2.793970 2.789697 2.780541 2.778100 2.772607 2.767724 2.767113 2.766503 2.754295 2.749413 
2.745140 2.743309 2.728050 2.727439 2.726829 2.724998 2.724998 2.721946 2.721335 2.717673 
2.714011 2.713401 2.712180 2.709738 2.706687 2.706687 2.706076 2.693258 2.692648 2.690207 
2.680441 2.677389 2.676778 2.674337 2.662740 2.662130 2.643818 2.643208 2.640156 2.636494 
2.629170 2.618793 2.614521 2.611469 2.607196 2.604755 2.602924 2.593768 2.588885 2.588885 
2.582171 2.581561 2.575457 2.574236 2.574236 2.571184 2.568133 2.568133 2.556536 2.554094 
2.552263 2.543107 2.536393 2.536393 2.532731 2.508927 2.506485 2.499161 2.495499 2.494278 
2.483291 2.475356 2.471084 2.446669 2.443007 2.443007 2.441786 2.435682 2.433851 2.430189 
2.427137 2.425916 2.425306 2.423475 2.414319 2.413709 2.412488 2.407605 2.407605 2.403943 
2.397229 2.389294 2.386853 2.383801 2.383190 2.378307 2.377697 2.377087 2.375866 2.371593 
2.366100 2.364269 2.360607 2.357555 2.356944 2.341685 2.339244 2.337413 2.327036 2.322153 
2.321543 2.321543 2.312387 2.310556 2.309336 2.303842 2.300790 2.299570 2.298349 2.295907 
2.294687 2.294076 2.289804 2.287973 2.287973 2.286752 2.271493 2.270882 2.270272 2.263558 
2.261727 2.258675 2.252571 2.249519 2.249519 2.247688 2.240974 2.229987 2.228156 2.226936 
2.226936 2.226936 2.225105 2.223884 2.212897 2.204352 2.201300 2.198859 2.195807 2.195196 
2.189703 2.188482 2.182989 2.176275 2.169561 2.163457 2.162236 2.157353 2.151860 2.149419 
2.149419 2.147588 2.146367 2.146367 2.137211 2.133549 2.131108 2.130497 2.121342 2.114628 
2.114017 2.114017 2.100589 2.099979 2.095096 2.092654 2.092044 2.074953 2.074343 2.073122 
2.061525 2.058473 2.054201 2.052370 2.046266 2.045656 2.044435 2.037721 2.037111 2.035890 
2.030396 2.027345 2.020631 2.007202 2.005982 2.004761 1.985839 1.985229 1.984008 1.972411 
1.967528 1.960204 1.955321 1.951048 1.949217 1.946776 1.940672 1.929685 1.928465 1.926023 
1.926023 1.921140 1.919919 1.916257 1.912595 1.910154 1.905271 1.902829 1.885739 1.885128 
1.883297 1.876583 1.875362 1.874142 1.868648 1.860714 1.859493 1.855220 1.855220 1.853999 
1.853389 1.851558 1.850948 1.849727 1.849727 1.849727 1.845454 1.841182 1.838130 1.838130 
1.832636 1.820429 1.805780 1.796014 1.789911 1.785028 1.780755 1.780145 1.777703 1.768548 
1.767937 1.764885 1.764275 1.761834 1.761223 1.753288 1.739860 1.739250 1.732536 1.728263 
1.723380 1.718497 1.713614 1.708731 1.703238 1.695914 1.692251 1.691641 1.689810 1.688589 
1.684927 1.683096 1.680654 1.673940 1.673330 1.668447 1.667837 1.666005 1.662343 1.660512 
1.659291 1.656240 1.655629 1.651967 1.647084 1.645863 1.644642 1.643422 1.642201 1.640980 
1.637318 1.627552 1.625111 1.622059 1.620228 1.615955 1.614734 1.614124 1.614124 1.611682 
1.608631 1.607410 1.607410 1.604968 1.600085 1.595202 1.584216 1.583605 1.583605 1.582385 
1.580554 1.574450 1.570177 1.567736 1.566515 1.564074 1.561022 1.559801 1.549425 1.545152 
1.544542 1.541490 1.532334 1.531724 1.531114 1.525620 1.523789 1.516465 1.510361 1.507309 
1.507309 1.506088 1.506088 1.504257 1.503647 1.490829 1.488388 1.487777 1.487167 1.482894 
1.479232 1.474960 1.460921 1.460921 1.457869 1.449324 1.447493 1.436506 1.429182 1.425520 
1.419416 1.417585 1.413923 1.413923 1.410260 1.409040 1.408429 1.406598 1.403546 1.399884 
1.394391 1.393780 1.393780 1.390118 1.376690 1.375469 1.374859 1.373638 1.373028 1.370586 
1.363872 1.357768 1.352275 1.351054 1.347392 1.337626 1.334574 1.334574 1.334574 1.316874 
1.316263 1.301004 1.293680 1.289407 1.289407 1.287576 1.286355 1.280862 1.279031 1.277810 
1.276589 1.264992 1.260720 1.259499 1.257057 1.256447 1.254616 1.254006 1.252174 1.251564 
1.249123 1.245460 1.244850 1.244240 1.244240 1.235694 1.228980 1.228370 1.223487 1.220435 
1.219214 1.216163 1.212500 1.209449 1.199683 1.196020 1.194800 1.192358 1.189306 1.188086 
1.186254 1.186254 1.181372 1.180151 1.177709 1.175878 1.173437 1.172216 1.168554 1.166723 
1.166723 1.163671 1.160619 1.155736 1.151463 1.150853 1.148412 1.147191 1.144749 1.144139 
1.141697 1.139256 1.134983 1.129490 1.124607 1.122776 1.119724 1.106906 1.098361 1.095309 
1.094699 1.093478 1.086154 1.083102 1.078829 1.076998 1.076998 1.075167 1.067232 1.061739 
1.061129 1.053194 1.042207 1.042207 1.040986 1.037935 1.034272 1.033052 1.032441 1.029389 
1.022675 1.020234 1.017182 1.015961 1.014130 1.013520 1.006195 1.004364 0.997650 0.996429 
0.987274 0.985443 0.983612 0.981780 0.981170 0.980560 0.978118 0.976897 0.976897 0.965911 
0.962249 0.960417 0.957366 0.954314 0.951872 0.951262 0.950041 0.945769 0.934782 0.922575 
0.922575 0.918912 0.913419 0.911588 0.910978 0.910367 0.909757 0.903653 0.894498 0.890835 
0.883511 0.880459 0.879238 0.866420 0.862148 0.859706 0.856655 0.824305 0.813318 0.810266 
0.808435 0.793176 0.792566 0.782800 0.778527 0.766930 0.762658 0.758385 0.756554 0.756554 
0.749840 0.743736 0.728477 0.726035 0.726035 0.722983 0.722983 0.721763 0.719932 0.716269 
0.713218 0.710166 0.701010 0.697958 0.688803 0.682699 0.681478 0.675375 0.674764 0.674764 
0.669881 0.668050 0.666829 0.666829 0.662557 0.650960 0.646687 0.637532 0.635701 0.633869 
0.629597 0.628376 0.626545 0.615558 0.609455 0.608844 0.605792 0.605182 0.603351 0.595416 
0.589312 0.585650 0.583209 0.582598 0.578936 0.571001 0.569781 0.567339 0.566118 0.564898 
0.563066 0.563066 0.556963 0.555132 0.551469 0.550249 0.549028 0.542314 0.538041 0.535600 
0.533769 0.532548 0.528275 0.528275 0.526444 0.517899 0.517289 0.515458 0.511795 0.502029 
0.497757 0.495926 0.492264 0.476394 0.471511 0.467238 0.458693 0.453810 0.449538 0.441603 
0.437330 0.433668 0.433058 0.427564 0.425733 0.416578 0.414747 0.412305 0.400708 0.394604 
0.391552 0.389111 0.384838 0.375683 0.354320 0.352489 0.350658 0.348216 0.345775 0.343944 
0.340892 0.339671 0.339061 0.339061 0.336619 0.327464 0.327464 0.324412 0.321970 0.320750 
0.315867 0.315256 0.311594 0.307321 0.306711 0.304270 0.299387 0.295724 0.295114 0.295114 
0.288400 0.287790 0.279244 0.278024 0.276193 0.275582 0.272530 0.270089 0.267647 0.266427 
0.254830 0.250557 0.249947 0.249336 0.248115 0.243843 0.242012 0.240791 0.240181 0.240181 
0.239570 0.238350 0.231025 0.231025 0.218818 0.211493 0.209662 0.205390 0.203558 0.202948 
0.199896 0.197455 0.193793 0.191351 0.182806 0.182196 0.169988 0.164495 0.163884 0.157781 
0.153508 0.152287 0.151677 0.146184 0.140080 0.140080 0.133366 0.126652 0.122990 0.110172 
0.108341 0.107120 0.102847 0.101627 0.100406 0.096133 0.093081 0.090030 0.088198 0.080264 
0.078433 0.077212 0.065615 0.065004 0.056459 0.052187 0.049745 0.041810 0.039979 0.039369 
0.038148 0.035707 0.022279 0.022279 0.021668 0.013123 0.005188 0.001526 -0.001526 -0.001526 
-0.002747 -0.005188 -0.005188 -0.007019 -0.008240 -0.010681 -0.016175 -0.033876 -0.045473 -0.049135 
-0.052797 -0.073550 -0.078433 -0.085757 -0.092471 -0.093692 -0.095523 -0.102237 -0.105289 -0.105899 
-0.107730 -0.107730 -0.110172 -0.112003 -0.115665 -0.116276 -0.117496 -0.122990 -0.134587 -0.137638 
-0.137638 -0.142521 -0.143742 -0.149236 -0.151067 -0.159612 -0.167547 -0.180364 -0.180975 -0.184027 
-0.193182 -0.203558 -0.204779 -0.206610 -0.207831 -0.209052 -0.212104 -0.216987 -0.218207 -0.226142 
-0.241401 -0.243843 -0.245064 -0.252388 -0.256050 -0.258492 -0.265206 -0.278634 -0.283517 -0.287790 
-0.290231 -0.290841 -0.295114 -0.296335 -0.297555 -0.303659 -0.304270 -0.306711 -0.315256 -0.318918 
-0.319529 -0.321970 -0.323801 -0.323801 -0.324412 -0.344554 -0.344554 -0.345164 -0.346385 -0.346995 
-0.350658 -0.353710 -0.359813 -0.366527 -0.368969 -0.372631 -0.376293 -0.376904 -0.379345 -0.381787 
-0.390332 -0.398267 -0.398877 -0.402539 -0.405591 -0.410474 -0.413526 -0.417188 -0.417798 -0.424512 
-0.424512 -0.432447 -0.440992 -0.440992 -0.441603 -0.446486 -0.455641 -0.457472 -0.462966 -0.469680 
-0.475173 -0.486770 -0.488601 -0.489212 -0.492874 -0.495315 -0.497757 -0.502029 -0.503861 -0.505081 
-0.505081 -0.506302 -0.509964 -0.522172 -0.541704 -0.547807 -0.552080 -0.554521 -0.566729 -0.569170 
-0.569781 -0.574053 -0.580767 -0.588092 -0.589923 -0.595416 -0.600299 -0.600909 -0.605792 -0.608844 
-0.614338 -0.614338 -0.617389 -0.627155 -0.627155 -0.628376 -0.636311 -0.636921 -0.657064 -0.657674 
-0.660726 -0.665609 -0.667440 -0.674764 -0.674764 -0.685141 -0.687582 -0.687582 -0.691855 -0.693075 
-0.694906 -0.699179 -0.703452 -0.716269 -0.725425 -0.730308 -0.739463 -0.747398 -0.753502 -0.753502 
-0.769372 -0.774865 -0.775475 -0.781579 -0.799890 -0.801111 -0.802942 -0.803552 -0.808435 -0.813318 
-0.815760 -0.816370 -0.816980 -0.816980 -0.825526 -0.832240 -0.834681 -0.837733 -0.842616 -0.863369 
-0.871303 -0.874355 -0.874355 -0.874966 -0.875576 -0.882290 -0.883511 -0.887173 -0.893277 -0.896329 
-0.903653 -0.908536 -0.908536 -0.910978 -0.911588 -0.912198 -0.931730 -0.932951 -0.937834 -0.937834 
-0.943327 -0.944548 -0.945769 -0.946989 -0.951872 -0.952483 -0.953703 -0.956145 -0.958586 -0.961028 
-0.961638 -0.962859 -0.965911 -0.969573 -0.974456 -0.975066 -0.979339 -0.980560 -0.981170 -0.981170 
-0.982391 -0.984222 -0.984832 -0.987274 -0.998260 -0.998871 -1.013520 -1.013520 -1.015351 -1.031220 
-1.034883 -1.037324 -1.037935 -1.037935 -1.038545 -1.039155 -1.040376 -1.040986 -1.041597 -1.050752 
-1.051973 -1.058077 -1.058687 -1.063570 -1.064180 -1.071505 -1.081271 -1.089206 -1.090426 -1.091037 
-1.094699 -1.103854 -1.113010 -1.117283 -1.119114 -1.119114 -1.122166 -1.130100 -1.132542 -1.141697 
-1.142308 -1.147191 -1.147191 -1.149022 -1.163060 -1.165502 -1.166723 -1.170385 -1.176489 -1.179540 
-1.184423 -1.185034 -1.204566 -1.207007 -1.208228 -1.210669 -1.210669 -1.214331 -1.221046 -1.228980 
-1.229591 -1.233863 -1.247291 -1.252174 -1.262551 -1.266213 -1.272927 -1.273537 -1.277810 -1.279641 
-1.286355 -1.301004 -1.305887 -1.306497 -1.306497 -1.311991 -1.316263 -1.321146 -1.321757 -1.327860 
-1.333354 -1.335185 -1.338847 -1.341899 -1.345561 -1.346782 -1.347392 -1.352886 -1.362651 -1.363872 
-1.365093 -1.366314 -1.366314 -1.368145 -1.376690 -1.379131 -1.379742 -1.388287 -1.393780 -1.401715 
-1.429182 -1.430403 -1.432844 -1.434675 -1.436506 -1.437117 -1.441389 -1.446272 -1.447493 -1.452376 
-1.462752 -1.463973 -1.464583 -1.465804 -1.467635 -1.468856 -1.473128 -1.477401 -1.489608 -1.490219 
-1.493881 -1.494491 -1.503037 -1.503647 -1.507920 -1.513413 -1.524400 -1.544542 -1.548204 -1.549425 
-1.550645 -1.552477 -1.556749 -1.557970 -1.568957 -1.571398 -1.575671 -1.577502 -1.580554 -1.584826 
-1.589709 -1.600696 -1.602527 -1.602527 -1.603137 -1.612293 -1.615955 -1.625721 -1.635487 -1.636097 
-1.637318 -1.653798 -1.656240 -1.658071 -1.661733 -1.662343 -1.662343 -1.662343 -1.667837 -1.676992 
-1.679434 -1.680044 -1.689810 -1.692251 -1.694082 -1.698355 -1.703238 -1.714835 -1.716666 -1.725211 
-1.728874 -1.735588 -1.740471 -1.742302 -1.746574 -1.750237 -1.753288 -1.756340 -1.758171 -1.761223 
-1.763054 -1.767937 -1.767937 -1.770379 -1.772820 -1.774651 -1.775872 -1.776482 -1.777093 -1.778924 
-1.781365 -1.789911 -1.789911 -1.798456 -1.800897 -1.803339 -1.803339 -1.803949 -1.807611 -1.808222 
-1.810663 -1.811884 -1.815546 -1.816156 -1.819819 -1.823481 -1.829585 -1.832636 -1.837519 -1.849727 
-1.850337 -1.850948 -1.851558 -1.858272 -1.861324 -1.864376 -1.864986 -1.869869 -1.870479 -1.877804 
-1.877804 -1.879635 -1.880856 -1.882687 -1.883297 -1.887570 -1.891842 -1.894894 -1.903439 -1.905271 
-1.905881 -1.910764 -1.918699 -1.922361 -1.927854 -1.930906 -1.936399 -1.940062 -1.943724 -1.953490 
-1.953490 -1.954711 -1.959593 -1.967528 -1.968139 -1.969970 -1.988891 -1.992553 -1.993164 -1.995605 
-2.003540 -2.004151 -2.004761 -2.010865 -2.018189 -2.019410 -2.019410 -2.034669 -2.035279 -2.035279 
-2.045045 -2.050539 -2.052980 -2.057253 -2.057253 -2.062746 -2.073733 -2.082278 -2.083499 -2.090823 
-2.093265 -2.098758 -2.101199 -2.102420 -2.109745 -2.110355 -2.122562 -2.128666 -2.140263 -2.145146 
-2.145756 -2.146367 -2.146977 -2.148198 -2.157964 -2.159185 -2.162847 -2.163457 -2.173223 -2.176885 
-2.177496 -2.177496 -2.196417 -2.209235 -2.211066 -2.212287 -2.212897 -2.219001 -2.224494 -2.226325 
-2.226936 -2.229377 -2.229377 -2.230598 -2.234870 -2.245857 -2.246467 -2.248299 -2.253792 -2.258675 
-2.261727 -2.264168 -2.264168 -2.265389 -2.270882 -2.278817 -2.290414 -2.291635 -2.292856 -2.294076 
-2.295297 -2.296518 -2.297739 -2.298349 -2.298959 -2.306284 -2.308115 -2.311167 -2.319102 -2.319712 
-2.321543 -2.323374 -2.330088 -2.331919 -2.334971 -2.336802 -2.340464 -2.343516 -2.344127 -2.349010 
-2.359386 -2.361217 -2.362438 -2.364879 -2.369152 -2.371593 -2.388684 -2.390515 -2.391736 -2.391736 
-2.391736 -2.394787 -2.395398 -2.396008 -2.396619 -2.397839 -2.398450 -2.405164 -2.406995 -2.411267 
-2.419202 -2.419202 -2.422864 -2.422864 -2.438124 -2.439955 -2.446059 -2.446669 -2.458266 -2.467421 
-2.468032 -2.469253 -2.469863 -2.479019 -2.480850 -2.485733 -2.488784 -2.489395 -2.494888 -2.501602 
-2.522965 -2.529069 -2.533952 -2.535173 -2.543107 -2.546159 -2.548601 -2.549211 -2.549211 -2.552263 
-2.554704 -2.594989 -2.596820 -2.604755 -2.606586 -2.609027 -2.610858 -2.611469 -2.612690 -2.613910 
-2.615131 -2.627949 -2.634053 -2.634663 -2.642598 -2.644429 -2.646260 -2.646870 -2.647481 -2.649312 
-2.653584 -2.671285 -2.671285 -2.674337 -2.676778 -2.685324 -2.687765 -2.692648 -2.693869 -2.695700 
-2.698141 -2.703024 -2.707297 -2.707297 -2.708518 -2.709128 -2.710959 -2.712180 -2.726829 -2.729270 
-2.735984 -2.736595 -2.737815 -2.741478 -2.742698 -2.743919 -2.745750 -2.751854 -2.756127 -2.759789 
-2.760399 -2.763451 -2.768334 -2.771996 -2.771996 -2.776879 -2.777490 -2.782373 -2.787255 -2.790307 
-2.796411 -2.800684 -2.801294 -2.803735 -2.806787 -2.808618 -2.809839 -2.811670 -2.817774 -2.825709 
-2.829371 -2.834254 -2.839137 -2.842799 -2.844020 -2.844020 -2.847072 -2.849513 -2.854396 -2.858058 
-2.860500 -2.865993 -2.878201 -2.882473 -2.884915 -2.892239 -2.898343 -2.899564 -2.900174 -2.904447 
-2.910550 -2.917264 -2.919706 -2.931913 -2.933744 -2.939848 -2.942289 -2.942900 -2.945952 -2.946562 
-2.948393 -2.949004 -2.953887 -2.958769 -2.959380 -2.959990 -2.961211 -2.963652 -2.969756 -2.977691 
-2.981964 -2.984405 -3.005158 -3.005768 -3.014313 -3.021638 -3.021638 -3.024079 -3.027131 -3.034455 
-3.034455 -3.035066 -3.040559 -3.050935 -3.057039 -3.060701 -3.061312 -3.061922 -3.063143 -3.070467 
-3.071688 -3.075961 -3.082064 -3.082064 -3.093051 -3.097934 -3.101596 -3.107089 -3.107700 -3.115024 
-3.119907 -3.121738 -3.121738 -3.122349 -3.124790 -3.133335 -3.133946 -3.139439 -3.141270 -3.154698 
-3.155919 -3.162023 -3.162023 -3.175451 -3.176061 -3.178503 -3.180944 -3.181555 -3.185217 -3.187048 
-3.187658 -3.187658 -3.188879 -3.194372 -3.198035 -3.203528 -3.211463 -3.228553 -3.229163 -3.231605 
-3.243202 -3.244423 -3.251747 -3.259682 -3.263955 -3.264565 -3.267617 -3.270058 -3.272500 -3.274941 
-3.274941 -3.276162 -3.281655 -3.282266 -3.284707 -3.284707 -3.285928 -3.292032 -3.292642 -3.294473 
-3.295694 -3.298135 -3.298746 -3.300577 -3.301798 -3.307901 -3.310953 -3.326823 -3.329875 -3.335978 
-3.335978 -3.338420 -3.346965 -3.347575 -3.353069 -3.353679 -3.359783 -3.367718 -3.370769 -3.370769 
-3.373211 -3.377483 -3.380535 -3.390912 -3.398236 -3.409833 -3.415937 -3.417768 -3.421430 -3.426313 
-3.426313 -3.429365 -3.436689 -3.439741 -3.444624 -3.455000 -3.456221 -3.456221 -3.461715 -3.465987 
-3.466597 -3.469649 -3.480026 -3.480636 -3.482467 -3.484298 -3.495285 -3.500778 -3.505661 -3.511765 
-3.516648 -3.516648 -3.522752 -3.523362 -3.530686 -3.530686 -3.534959 -3.537400 -3.538011 -3.539232 
-3.551439 -3.552660 -3.572802 -3.577685 -3.580737 -3.588061 -3.589282 -3.593554 -3.596606 -3.597217 
-3.603931 -3.621021 -3.621632 -3.626514 -3.626514 -3.626514 -3.629566 -3.637501 -3.638722 -3.639943 
-3.647877 -3.656423 -3.658254 -3.663137 -3.667409 -3.669851 -3.670461 -3.677175 -3.685720 -3.686331 
-3.694266 -3.704031 -3.715018 -3.717460 -3.727836 -3.727836 -3.737602 -3.740043 -3.742485 -3.747978 
-3.757134 -3.758965 -3.765679 -3.773003 -3.775445 -3.776055 -3.778497 -3.779717 -3.783380 -3.783380 
-3.785211 -3.785211 -3.788263 -3.788263 -3.789483 -3.792535 -3.800470 -3.800470 -3.801691 -3.802301 
-3.812067 -3.813288 -3.819391 -3.820002 -3.820612 -3.823054 -3.825495 -3.825495 -3.829768 -3.832820 
-3.833430 -3.834651 -3.837703 -3.839534 -3.841975 -3.843806 -3.847468 -3.850520 -3.850520 -3.856014 
-3.863338 -3.870663 -3.872494 -3.876156 -3.878597 -3.881039 -3.881649 -3.881649 -3.882870 -3.885922 
-3.887143 -3.894467 -3.894467 -3.897519 -3.900571 -3.909116 -3.910947 -3.921323 -3.921934 -3.924375 
-3.924986 -3.936583 -3.940855 -3.944517 -3.950621 -3.951231 -3.957335 -3.964660 -3.965880 -3.968322 
-3.971984 -3.981140 -3.984802 -3.989685 -3.989685 -4.000061 -4.004944 -4.009217 -4.011658 -4.014100 
-4.015320 -4.018983 -4.020814 -4.028138 -4.044008 -4.050111 -4.054384 -4.054994 -4.055605 -4.059877 
-4.062319 -4.062929 -4.062929 -4.063540 -4.077578 -4.080020 -4.083682 -4.086123 -4.089175 -4.092227 
-4.092837 -4.101993 -4.102603 -4.112369 -4.112980 -4.136174 -4.138005 -4.138005 -4.146550 -4.152654 
-4.155095 -4.156926 -4.157537 -4.159368 -4.160588 -4.163030 -4.164861 -4.170965 -4.174017 -4.175848 
-4.177068 -4.179510 -4.183172 -4.186224 -4.188665 -4.196600 -4.199652 -4.203314 -4.205145 -4.210028 
-4.213080 -4.217353 -4.219184 -4.219184 -4.225288 -4.230171 -4.240547 -4.244209 -4.244819 -4.252754 
-4.253975 -4.258858 -4.261299 -4.268014 -4.268014 -4.270455 -4.288156 -4.291208 -4.300363 -4.305246 
-4.305857 -4.310739 -4.315012 -4.316843 -4.324778 -4.325999 -4.329051 -4.329661 -4.332713 -4.339427 
-4.343089 -4.355296 -4.369335 -4.375439 -4.379711 -4.384594 -4.391919 -4.396191 -4.401074 -4.401685 
-4.401685 -4.411451 -4.416944 -4.423658 -4.423658 -4.427320 -4.427320 -4.432814 -4.434034 -4.442579 
-4.442579 -4.452956 -4.458449 -4.458449 -4.459059 -4.460891 -4.462111 -4.466384 -4.466384 -4.470656 
-4.482253 -4.487747 -4.488968 -4.490799 -4.491409 -4.496902 -4.504227 -4.504837 -4.507889 -4.510331 
-4.524979 -4.528642 -4.528642 -4.535356 -4.539018 -4.540239 -4.541459 -4.542070 -4.548784 -4.556719 
-4.557329 -4.557329 -4.562822 -4.564653 -4.567705 -4.568926 -4.571978 -4.574419 -4.584796 -4.597003 
-4.601276 -4.601886 -4.605548 -4.614704 -4.633015 -4.634236 -4.634236 -4.634846 -4.637898 -4.642170 
-4.658040 -4.666585 -4.667806 -4.670858 -4.672689 -4.692221 -4.692221 -4.700766 -4.706259 -4.710532 
-4.723960 -4.731895 -4.731895 -4.742882 -4.750816 -4.751427 -4.752647 -4.761803 -4.768517 -4.771569 
-4.774621 -4.778283 -4.783166 -4.787439 -4.791101 -4.796594 -4.800256 -4.804529 -4.805750 -4.813684 
-4.814295 -4.823450 -4.842982 -4.846034 -4.848476 -4.853969 -4.869228 -4.891202 -4.896084 -4.897916 
-4.900357 -4.904019 -4.912564 -4.915616 -4.921110 -4.923551 -4.924162 -4.924772 -4.932096 -4.935759 
-4.941252 -4.941862 -4.945524 -4.950407 -4.952239 -4.952849 -4.953459 -4.955901 -4.957732 -4.971160 
-4.986419 -4.998016 -4.999237 -5.011444 -5.018769 -5.021821 -5.022431 -5.025483 -5.036470 -5.038301 
-5.040132 -5.044404 -5.045015 -5.059053 -5.068209 -5.076144 -5.078585 -5.093844 -5.100558 -5.101169 
-5.113987 -5.118870 -5.128636 -5.128636 -5.133518 -5.147557 -5.154271 -5.156102 -5.161596 -5.168310 
-5.170751 -5.173803 -5.176244 -5.177465 -5.180517 -5.189062 -5.189673 -5.190893 -5.200659 -5.201880 
-5.201880 -5.206763 -5.209815 -5.213477 -5.214698 -5.223853 -5.225074 -5.228126 -5.228736 -5.228736 
-5.229347 -5.243385 -5.248878 -5.250099 -5.251930 -5.254372 -5.256813 -5.257424 -5.261696 -5.267800 
-5.267800 -5.269021 -5.272683 -5.275735 -5.275735 -5.282449 -5.309305 -5.309305 -5.311136 -5.312357 
-5.314188 -5.322733 -5.328227 -5.330058 -5.333110 -5.334330 -5.341044 -5.344096 -5.344707 -5.349590 
-5.351421 -5.352031 -5.357524 -5.366680 -5.374615 -5.377667 -5.381329 -5.381939 -5.384381 -5.391095 
-5.391705 -5.408185 -5.408795 -5.413068 -5.413678 -5.416120 -5.416120 -5.419172 -5.420392 -5.421003 
-5.427717 -5.442366 -5.445418 -5.445418 -5.447249 -5.453963 -5.453963 -5.460677 -5.460677 -5.468612 
-5.471053 -5.471664 -5.475326 -5.476547 -5.478378 -5.491806 -5.492416 -5.493027 -5.494247 -5.494858 
-5.502182 -5.502182 -5.502182 -5.510117 -5.510727 -5.531480 -5.534532 -5.536363 -5.540635 -5.549791 
-5.557115 -5.558336 -5.558947 -5.565661 -5.567492 -5.569323 -5.569323 -5.570544 -5.579089 -5.586413 
-5.587024 -5.588855 -5.590686 -5.599841 -5.600452 -5.602893 -5.603504 -5.610218 -5.619984 -5.626698 
-5.627918 -5.632191 -5.634632 -5.635853 -5.635853 -5.636464 -5.639515 -5.641346 -5.643178 -5.652944 
-5.661489 -5.666982 -5.667592 -5.668813 -5.674917 -5.676138 -5.679800 -5.682241 -5.684683 -5.684683 
-5.685293 -5.685293 -5.691397 -5.692007 -5.692007 -5.692007 -5.692618 -5.692618 -5.693228 -5.695059 
-5.696280 -5.699332 -5.702994 -5.704825 -5.705435 -5.706046 -5.707266 -5.707877 -5.710318 -5.722526 
-5.724357 -5.724967 -5.728019 -5.734123 -5.734733 -5.735343 -5.738395 -5.743889 -5.753044 -5.754265 
-5.760979 -5.762200 -5.763421 -5.764031 -5.767693 -5.768914 -5.781121 -5.781121 -5.782342 -5.782952 
-5.786004 -5.786615 -5.801263 -5.803095 -5.803095 -5.806757 -5.814081 -5.820185 -5.821406 -5.821406 
-5.823847 -5.831782 -5.834834 -5.838496 -5.840327 -5.843989 -5.845210 -5.853755 -5.854366 -5.861690 
-5.870846 -5.878780 -5.886105 -5.887936 -5.891598 -5.893429 -5.896481 -5.900754 -5.906247 -5.908689 
-5.909299 -5.914792 -5.920286 -5.920896 -5.921506 -5.931272 -5.934935 -5.938597 -5.945311 -5.946532 
-5.953246 -5.953856 -5.959349 -5.963622 -5.964232 -5.974609 -5.978271 -5.987426 -5.992309 -5.995361 
-5.997192 -6.000855 -6.002686 -6.002686 -6.003296 -6.007569 -6.008789 -6.011231 -6.033815 -6.034425 
-6.034425 -6.035035 -6.043580 -6.044801 -6.044801 -6.050905 -6.057009 -6.058840 -6.063112 -6.064333 
-6.071657 -6.074099 -6.074709 -6.082034 -6.086306 -6.091189 -6.093631 -6.097903 -6.102176 -6.105228 
-6.105838 -6.107669 -6.110111 -6.111942 -6.113163 -6.120487 -6.123539 -6.124149 -6.124149 -6.132084 
-6.133305 -6.138188 -6.139409 -6.140629 -6.146733 -6.157109 -6.158330 -6.165044 -6.171148 -6.171148 
-6.171758 -6.172979 -6.172979 -6.176641 -6.177862 -6.183355 -6.187017 -6.188238 -6.193731 -6.196783 
-6.207160 -6.208991 -6.234016 -6.235847 -6.237678 -6.241340 -6.241340 -6.243782 -6.244392 -6.245003 
-6.246223 -6.246834 -6.247444 -6.252937 -6.254158 -6.256600 -6.262093 -6.265145 -6.270028 -6.270638 
-6.271859 -6.275521 -6.289560 -6.295053 -6.309091 -6.317026 -6.322520 -6.329844 -6.337168 -6.339000 
-6.341441 -6.353038 -6.353648 -6.354869 -6.372570 -6.381115 -6.381726 -6.386608 -6.390271 -6.395154 
-6.398816 -6.403088 -6.404920 -6.404920 -6.406140 -6.412244 -6.415296 -6.418958 -6.427503 -6.429334 
-6.431776 -6.446425 -6.447645 -6.451308 -6.458632 -6.465346 -6.470229 -6.472060 -6.479995 -6.480605 
-6.484878 -6.490371 -6.491592 -6.491592 -6.492813 -6.495865 -6.507462 -6.523331 -6.525163 -6.526383 
-6.537980 -6.540422 -6.541032 -6.547746 -6.550188 -6.553240 -6.553240 -6.555681 -6.557512 -6.560564 
-6.560564 -6.561785 -6.563005 -6.567888 -6.575823 -6.577044 -6.584979 -6.585589 -6.590472 -6.592914 
-6.599017 -6.603290 -6.616108 -6.616718 -6.619160 -6.620380 -6.625263 -6.633808 -6.639912 -6.639912 
-6.645405 -6.649068 -6.654561 -6.657613 -6.661885 -6.674093 -6.675924 -6.682028 -6.682638 -6.684469 
-6.685690 -6.686300 -6.691183 -6.696066 -6.699118 -6.700339 -6.703391 -6.703391 -6.704001 -6.713157 
-6.715598 -6.716819 -6.717429 -6.718039 -6.718650 -6.718650 -6.719871 -6.734519 -6.737571 -6.738792 
-6.742454 -6.747948 -6.749779 -6.749779 -6.757714 -6.760155 -6.764428 -6.765648 -6.774804 -6.776025 
-6.783349 -6.790063 -6.794946 -6.796167 -6.797998 -6.800439 -6.802271 -6.803491 -6.805933 -6.810816 
-6.813257 -6.817530 -6.818751 -6.819361 -6.823023 -6.824244 -6.825465 -6.828516 -6.830958 -6.832179 
-6.840114 -6.844996 -6.859645 -6.860256 -6.862697 -6.866359 -6.868191 -6.871853 -6.877346 -6.881008 
-6.885281 -6.885891 -6.885891 -6.894436 -6.895047 -6.903592 -6.910916 -6.912137 -6.913968 -6.915799 
-6.917020 -6.918851 -6.919462 -6.923124 -6.933500 -6.937162 -6.940825 -6.946318 -6.951811 -6.959136 
-6.963408 -6.963408 -6.966460 -6.973174 -6.975005 -6.982330 -6.982940 -6.984161 -6.984771 -6.987823 
-6.990265 -6.992096 -6.994537 -7.003082 -7.004303 -7.011017 -7.016511 -7.025666 -7.026276 -7.028108 
-7.028108 -7.028718 -7.036042 -7.043367 -7.043367 -7.045808 -7.053743 -7.065950 -7.067171 -7.072054 
-7.074496 -7.075716 -7.076327 -7.078768 -7.080599 -7.081210 -7.090365 -7.098300 -7.105625 -7.109287 
-7.117832 -7.122105 -7.124546 -7.125767 -7.130650 -7.134312 -7.135533 -7.143468 -7.144078 -7.149571 
-7.150182 -7.150182 -7.155065 -7.156896 -7.158727 -7.161168 -7.166051 -7.166662 -7.170934 -7.184362 
-7.188635 -7.190466 -7.192907 -7.194128 -7.204505 -7.210608 -7.210608 -7.215491 -7.216712 -7.220985 
-7.229530 -7.230140 -7.237465 -7.242958 -7.246620 -7.246620 -7.253334 -7.254555 -7.256996 -7.256996 
-7.259438 -7.261269 -7.262490 -7.263710 -7.268593 -7.270425 -7.272866 -7.277749 -7.279580 -7.279580 
-7.285684 -7.294229 -7.295450 -7.296060 -7.303385 -7.303995 -7.305216 -7.311930 -7.325968 -7.326579 
-7.329020 -7.330851 -7.335734 -7.341838 -7.347331 -7.354656 -7.361370 -7.362590 -7.369915 -7.371136 
-7.374187 -7.377850 -7.377850 -7.382733 -7.383343 -7.384564 -7.387005 -7.388836 -7.392499 -7.395550 
-7.405316 -7.407758 -7.413251 -7.420576 -7.421186 -7.421796 -7.432783 -7.434004 -7.437666 -7.443770 
-7.443770 -7.443770 -7.458419 -7.464522 -7.474899 -7.476119 -7.489547 -7.499924 -7.505417 -7.506638 
-7.507859 -7.509690 -7.510300 -7.510910 -7.514573 -7.515793 -7.515793 -7.518845 -7.528001 -7.528611 
-7.529832 -7.535325 -7.543260 -7.543870 -7.552416 -7.556688 -7.560961 -7.564623 -7.567064 -7.571337 
-7.571947 -7.571947 -7.576220 -7.576830 -7.577441 -7.580493 -7.581103 -7.583544 -7.585376 -7.590258 
-7.591479 -7.594531 -7.596973 -7.598193 -7.600024 -7.604907 -7.608570 -7.612842 -7.617115 -7.621998 
-7.628101 -7.629322 -7.634816 -7.637867 -7.638478 -7.641530 -7.650075 -7.650685 -7.653127 -7.654958 
-7.655568 -7.661672 -7.668386 -7.669607 -7.678762 -7.690970 -7.693411 -7.694021 -7.707450 -7.717215 
-7.728202 -7.733695 -7.742851 -7.747124 -7.754448 -7.762383 -7.762993 -7.766655 -7.768487 -7.771538 
-7.773370 -7.777642 -7.778253 -7.781304 -7.791070 -7.794733 -7.794733 -7.798395 -7.804498 -7.807550 
-7.808161 -7.813044 -7.820978 -7.822810 -7.831965 -7.832575 -7.850276 -7.853938 -7.855770 -7.874081 
-7.876522 -7.877743 -7.879574 -7.883236 -7.885678 -7.887509 -7.893002 -7.893612 -7.897885 -7.898495 
-7.911924 -7.919858 -7.926572 -7.941832 -7.948546 -7.956481 -7.959532 -7.967467 -7.970519 -7.975402 
-7.979675 -7.986389 -7.988830 -7.989441 -7.998596 -8.003479 -8.003479 -8.021790 -8.023011 -8.026673 
-8.030335 -8.030335 -8.032777 -8.038881 -8.039491 -8.041932 -8.044984 -8.045595 -8.047426 -8.049257 
-8.049867 -8.054140 -8.055971 -8.056581 -8.059633 -8.061464 -8.065126 -8.065737 -8.073061 -8.076724 
-8.096866 -8.096866 -8.098086 -8.107852 -8.110294 -8.110294 -8.110294 -8.114566 -8.116398 -8.136540 
-8.139592 -8.145085 -8.159124 -8.161565 -8.168279 -8.168889 -8.172552 -8.178655 -8.179266 -8.180486 
-8.185369 -8.189032 -8.192694 -8.193304 -8.198187 -8.206732 -8.210395 -8.210395 -8.211005 -8.214667 
-8.221381 -8.221992 -8.222602 -8.226875 -8.232368 -8.233589 -8.235420 -8.236641 -8.236641 -8.238472 
-8.240303 -8.240913 -8.242744 -8.243355 -8.245796 -8.250679 -8.254952 -8.257393 -8.257393 -8.259835 
-8.275094 -8.288522 -8.290963 -8.292184 -8.295846 -8.303171 -8.306223 -8.307443 -8.314158 -8.314768 
-8.321482 -8.326365 -8.329417 -8.330027 -8.337962 -8.338572 -8.340403 -8.341014 -8.342845 -8.342845 
-8.345897 -8.351390 -8.352611 -8.353221 -8.355663 -8.373974 -8.378857 -8.388012 -8.397778 -8.413648 
-8.425855 -8.435621 -8.438673 -8.442946 -8.453322 -8.454543 -8.463698 -8.465529 -8.466140 -8.468581 
-8.470412 -8.475295 -8.489944 -8.494217 -8.499100 -8.509476 -8.528397 -8.529008 -8.531449 -8.533891 
-8.536943 -8.543657 -8.544877 -8.547319 -8.549150 -8.560137 -8.567461 -8.569292 -8.572954 -8.573565 
-8.574786 -8.576617 -8.593097 -8.594928 -8.598590 -8.599811 -8.604694 -8.605304 -8.609577 -8.616291 
-8.616291 -8.618122 -8.619343 -8.619953 -8.622394 -8.635823 -8.641926 -8.645589 -8.646199 -8.648640 
-8.649251 -8.650472 -8.651082 -8.651692 -8.653523 -8.654134 -8.656575 -8.659627 -8.664510 -8.665120 
-8.666952 -8.668783 -8.676107 -8.682821 -8.695029 -8.704794 -8.713340 -8.713950 -8.716391 -8.719443 
-8.722495 -8.729820 -8.730430 -8.732261 -8.735313 -8.742637 -8.747520 -8.749962 -8.751183 -8.757897 
-8.760949 -8.767663 -8.783532 -8.789026 -8.794519 -8.803674 -8.808557 -8.810999 -8.812830 -8.815882 
-8.817103 -8.817713 -8.820765 -8.823206 -8.840907 -8.845790 -8.847011 -8.856166 -8.857997 -8.864101 
-8.870815 -8.878140 -8.883023 -8.889737 -8.892788 -8.893399 -8.900113 -8.900723 -8.901944 -8.905606 
-8.915983 -8.915983 -8.915983 -8.917203 -8.917814 -8.922697 -8.923307 -8.926969 -8.928190 -8.928190 
-8.928800 -8.939787 -8.942839 -8.944060 -8.944670 -8.947111 -8.948332 -8.948943 -8.961760 -8.972137 
-8.975799 -8.976409 -8.982513 -8.982513 -8.985565 -8.986785 -8.994720 -8.996551 -8.999603 -9.002045 
-9.005097 -9.007538 -9.008148 -9.020966 -9.026460 -9.027070 -9.027070 -9.038667 -9.041108 -9.046602 
-9.051485 -9.053926 -9.056368 -9.058809 -9.063692 -9.067965 -9.071017 -9.072237 -9.076510 -9.078951 
-9.080172 -9.084445 -9.092380 -9.092990 -9.093600 -9.095431 -9.095431 -9.098483 -9.101535 -9.102756 
-9.103366 -9.105197 -9.108860 -9.113742 -9.121067 -9.121067 -9.124119 -9.124119 -9.138157 -9.146702 
-9.150365 -9.151585 -9.155248 -9.157079 -9.162572 -9.164403 -9.171728 -9.173559 -9.174169 -9.175390 
-9.177221 -9.184545 -9.187597 -9.194311 -9.197363 -9.199805 -9.204688 -9.210791 -9.216285 -9.219337 
-9.220557 -9.224219 -9.226661 -9.229102 -9.234596 -9.237648 -9.239479 -9.240089 -9.240089 -9.240699 
-9.253517 -9.266945 -9.276101 -9.277322 -9.278542 -9.284036 -9.287088 -9.287698 -9.298074 -9.318827 
-9.319437 -9.329814 -9.334696 -9.337748 -9.344462 -9.344462 -9.350566 -9.354839 -9.360332 -9.360332 
-9.362163 -9.368877 -9.376202 -9.381085 -9.390851 -9.407941 -9.414655 -9.421369 -9.422590 -9.422590 
-9.429304 -9.434187 -9.434187 -9.435408 -9.440291 -9.440291 -9.442732 -9.460433 -9.467147 -9.477523 
-9.477523 -9.480575 -9.484237 -9.497665 -9.498276 -9.499496 -9.511093 -9.511704 -9.512314 -9.513535 
-9.523301 -9.527573 -9.528184 -9.528184 -9.529405 -9.531236 -9.531236 -9.537950 -9.543443 -9.544053 
-9.549547 -9.560533 -9.564196 -9.567248 -9.569079 -9.571520 -9.572130 -9.573962 -9.584948 -9.599597 
-9.612415 -9.613025 -9.617908 -9.622791 -9.628285 -9.628895 -9.631947 -9.633168 -9.634999 -9.638050 
-9.639882 -9.642323 -9.644154 -9.649037 -9.649648 -9.653310 -9.655141 -9.660634 -9.663686 -9.666738 
-9.675283 -9.694205 -9.703970 -9.707022 -9.707633 -9.707633 -9.708853 -9.716178 -9.718619 -9.722892 
-9.727775 -9.728385 -9.729606 -9.731437 -9.735710 -9.735710 -9.741203 -9.743645 -9.749748 -9.761345 
-9.764397 -9.769280 -9.770501 -9.771111 -9.775384 -9.785760 -9.786981 -9.790033 -9.792474 -9.793085 
-9.794305 -9.798578 -9.802850 -9.807733 -9.819330 -9.819941 -9.822993 -9.824213 -9.827265 -9.831538 
-9.832759 -9.837031 -9.840693 -9.843135 -9.849849 -9.854122 -9.857173 -9.863887 -9.866939 -9.867550 
-9.869991 -9.874874 -9.877316 -9.891354 -9.892575 -9.893185 -9.894406 -9.898068 -9.898679 -9.906003 
-9.913327 -9.914548 -9.919431 -9.920652 -9.920652 -9.927976 -9.931639 -9.932859 -9.933470 -9.937742 
-9.940794 -9.943236 -9.949339 -9.960936 -9.966430 -9.977416 -9.980468 -9.981689 -9.985961 -9.989624 
