6.509903 8.344676 3.906674 9.789422 -2.882473 2.149419 -9.824213 -5.781121 -4.752647 -9.898679 
9.484237 -3.785211 1.264992 0.766930 -2.839137 -3.294473 1.607410 -2.858058 7.270425 -5.666982 
7.863704 -8.065126 9.280374 7.931455 -8.178655 -5.093844 8.522904 7.643361 -5.377667 -2.083499 
-6.427503 5.296487 -1.858272 -6.718650 3.659474 4.654988 -3.284707 -8.915983 -0.753502 2.189703 
-2.647481 -8.948332 8.901944 -1.031220 6.542253 -5.374615 -4.427320 -5.682241 -8.211005 -7.144078 
-4.584796 1.853999 -4.000061 -4.258858 -7.728202 -1.467635 -7.150182 -1.363872 0.950041 7.325968 
1.245460 -8.646199 2.407605 4.158147 7.015900 5.593738 3.981750 9.724723 9.959716 6.306650 
7.777642 -3.180944 4.362011 2.640156 0.350658 -6.207160 -8.883023 4.069033 6.800439 -5.228126 
9.577013 -2.646260 2.403943 -2.743919 7.249062 9.939573 4.911954 -2.270882 -4.524979 -4.571978 
0.635701 5.897092 9.208350 6.746117 7.449873 8.188421 -0.984222 -7.371136 7.828303 1.134983 
-6.563005 3.055208 -4.950407 5.261696 -0.184027 -0.753502 5.691397 0.107120 1.732536 -6.132084 
1.532334 -8.996551 1.166723 -2.953887 -5.997192 8.241523 3.508713 -6.171148 -5.706046 9.237648 
-6.451308 8.724937 2.252571 4.338816 0.567339 2.925810 -2.800684 -3.115024 0.650960 -0.137638 
3.778497 -1.849727 -5.639515 4.694052 -4.028138 7.795953 7.879574 -6.625263 -7.591479 0.453810 
-4.244209 -3.082064 6.081423 9.071627 -6.620380 -3.530686 1.604968 5.633412 -2.695700 -5.161596 
3.138829 9.897458 1.549425 0.093081 6.099124 6.757714 8.004089 6.851100 -4.217353 2.869655 
-0.945769 -9.108860 6.035646 3.157140 -9.434187 2.712180 1.075167 -2.176885 -6.657613 -4.343089 
-6.386608 0.502029 1.181372 -5.760979 2.386853 8.159734 -6.337168 -1.714835 2.225105 3.382977 
-8.214667 8.519242 9.790643 9.675283 -5.421003 9.226661 -1.903439 0.384838 -5.177465 -6.395154 
2.950835 -8.110294 1.985229 7.440107 -5.570544 1.668447 -9.484237 -3.276162 -3.482467 1.874142 
1.620228 -5.154271 8.041322 9.047212 -3.373211 -5.022431 8.011414 0.578936 -9.913327 3.279214 
-1.493881 -1.434675 0.726035 -1.452376 8.218940 -8.337962 8.365429 -6.058840 9.794305 -4.423658 
-5.045015 6.395764 -5.920286 2.817164 -2.173223 9.357280 -5.586413 2.322153 -6.703391 -5.531480 
4.080630 -0.398877 -1.247291 -2.177496 0.052187 -1.993164 -8.665120 -3.596606 -3.856014 -8.236641 
-8.651082 -9.638050 -1.286355 -8.619343 8.525346 -3.274941 8.018738 -7.926572 -0.739463 -9.819330 
-1.636097 5.815302 -7.043367 -3.444624 0.169988 7.648854 -4.411451 -5.384381 -2.931913 -3.119907 
8.621174 -8.189032 1.172216 3.782159 -8.594928 9.591662 -0.368969 2.425306 5.175024 3.912168 
-4.401685 0.272530 6.769311 -3.429365 -3.259682 5.154271 -9.792474 2.979522 -5.590686 0.249947 
4.242378 -7.988830 6.605121 7.706229 4.007996 3.542894 7.847835 -8.494217 4.904019 -0.685141 
-0.903653 0.231025 -3.175451 -7.259438 0.824305 0.320750 6.867580 -6.718039 2.389294 0.471511 
8.638874 -8.975799 -9.187597 -2.209235 6.294443 -2.933744 -7.897885 6.335948 -8.576617 5.362407 
8.236641 -1.341899 0.913419 -8.373974 2.938627 0.981170 -6.086306 -5.059053 -0.636311 -7.362590 
-3.968322 -2.321543 2.826930 -9.612415 8.870815 9.370708 -8.306223 8.245796 -6.946318 -9.849849 
9.561144 -6.560564 2.845241 -0.614338 1.849727 9.128391 0.495926 5.135350 9.941404 4.501175 
8.446608 0.049745 5.969726 2.887967 7.501144 -0.657064 1.413923 8.497269 -0.893277 6.458022 
-7.405316 2.414319 -0.143742 2.054201 -3.785211 8.487503 6.345714 1.940672 -1.936399 -0.290231 
-1.494491 -0.424512 8.007752 5.748161 -0.462966 -1.233863 4.399243 -7.781304 0.569781 -7.813044 
1.022675 -7.650075 8.176214 -8.656575 -0.297555 1.655629 2.858058 3.602710 1.703238 -3.765679 
6.640522 1.926023 1.040986 5.333720 7.885678 2.917264 -7.161168 -1.208228 1.460921 -1.185034 
-0.159612 -0.008240 -7.612842 -0.937834 -9.786981 4.941862 1.083102 7.061678 9.774163 -1.877804 
-1.662343 7.759941 1.739860 5.708487 8.136540 -8.329417 -2.844020 -3.198035 6.462294 -9.026460 
9.103977 -6.699118 -5.803095 -6.696066 -6.171148 -0.982391 -7.747124 8.864711 -8.096866 8.690756 
-2.945952 -3.516648 -7.443770 7.494430 4.488968 4.241157 -5.710318 1.688589 0.476394 -9.707633 
4.912564 -8.976409 6.246223 -0.486770 -5.891598 3.525193 -3.522752 1.583605 1.673940 3.293252 
-1.584826 6.148564 -5.460677 -8.073061 -9.919431 0.674764 -4.291208 -5.786615 5.719474 6.620991 
-1.763054 8.695029 6.586810 -0.440992 7.369304 -6.254158 5.225684 8.865932 3.971984 9.783319 
1.334574 2.604755 -7.621998 8.232368 -2.634663 -6.765648 5.770745 7.877132 -8.026673 9.757683 
-7.773370 9.219947 -0.554521 -8.055971 -5.442366 7.470016 -6.776025 -7.754448 7.058016 -5.206763 
1.666005 1.034272 2.294076 -7.556688 -5.854366 0.782800 -8.939787 3.400678 5.637684 4.817957 
8.619953 6.144292 -2.098758 6.268807 -9.639882 0.182196 5.392315 -7.166662 9.993286 3.962828 
4.023865 -7.004303 3.409223 -4.203314 -9.095431 9.303568 -8.668783 -1.589709 -6.818751 4.351024 
3.876156 -2.246467 -5.896481 -4.921110 0.153508 -3.301798 -5.557115 1.017182 6.038087 -5.764031 
-2.610858 2.100589 3.218787 -9.184545 -4.955901 -8.321482 -7.329020 -9.567248 4.648274 0.348216 
5.666372 0.108341 -7.347331 -3.776055 5.439924 -2.634053 -5.228736 -2.707297 -7.341838 6.354869 
-9.866939 1.447493 -2.211066 -6.783349 -2.334971 9.852901 -6.479995 1.347392 -7.184362 9.252907 
-9.666738 -2.844020 -7.229530 8.845180 8.379467 6.967071 8.257393 -2.642598 8.749962 -4.329661 
-9.920652 -4.062319 -2.692648 7.764214 8.510086 -7.505417 4.164861 1.393780 -6.353038 -6.895047 
-8.038881 -3.964660 -5.113987 -3.881649 -3.951231 4.430372 7.609180 4.579913 9.722282 9.403058 
5.225684 2.602924 -2.394787 -3.812067 4.697714 -8.695029 -9.663686 0.890835 3.657643 9.948729 
3.660085 5.702994 -2.742698 -2.110355 -4.941862 1.504257 -7.130650 2.984405 1.053194 8.469192 
-9.240089 -7.941832 8.288522 -4.692221 8.870815 9.072237 1.531114 7.766045 -0.180364 -3.390912 
1.713614 7.003693 -1.740471 6.307260 -2.865993 8.486282 6.710105 -6.138188 0.951262 2.007202 
-2.010865 4.223457 -1.910764 3.465987 2.378307 2.614521 -5.314188 -0.969573 -2.369152 -3.005158 
-6.800439 -7.690970 9.962767 7.594531 6.312143 -4.846034 4.141667 9.141820 -7.263710 -7.279580 
-9.194311 1.413923 8.074892 3.411054 9.130222 -6.270028 -6.171758 4.328440 -7.028108 -0.981170 
-2.291635 2.859890 -1.379742 3.077181 8.352000 5.018159 2.263558 4.648274 -2.419202 1.166723 
5.319071 -8.047426 -6.675924 -0.245064 -4.268014 -8.719443 -3.669851 9.680776 3.380535 -6.715598 
3.791314 1.916257 -2.298959 -7.407758 -6.992096 -8.986785 5.673086 6.360973 8.219550 7.118442 
-1.725211 7.407758 3.718680 -0.882290 3.543504 -2.469863 6.386608 -0.455641 -5.641346 -3.347575 
-9.239479 -8.136540 9.082614 -6.590472 9.771722 -9.229102 -6.828516 -7.190466 -5.734123 -3.881649 
-0.107730 6.584979 4.446242 -8.900113 -1.735588 1.868648 6.344493 5.323954 6.351207 -6.187017 
-3.534959 -6.616108 -1.967528 -2.219001 7.717826 9.575182 1.376690 6.729026 -0.243843 9.354228 
-3.264565 9.413434 6.866359 -1.803339 -7.303995 -4.957732 6.511124 -1.550645 8.008362 -0.001526 
1.667837 -5.176244 -2.391736 2.249519 0.077212 9.144871 -9.121067 -0.908536 3.536180 4.979705 
0.250557 -6.172979 -9.653310 -7.220985 8.286081 7.020783 4.064760 -3.850520 -8.635823 -2.057253 
-8.351390 9.882809 8.090762 -8.159124 4.164861 -9.634999 -9.440291 -1.346782 3.137608 9.005707 
6.594745 -1.210669 5.707266 9.279763 -8.915983 1.611682 -8.314158 -1.953490 -5.445418 -7.766655 
5.663930 -8.257393 7.084262 -7.733695 -2.726829 8.081606 5.699942 -9.869991 -7.254555 3.886532 
3.373211 6.567888 0.879238 9.688711 7.745293 -9.027070 6.547136 1.695914 7.697684 -5.831782 
-5.128636 1.780145 -4.092227 -6.749779 -0.816980 6.090579 5.500351 -5.870846 -4.102603 -7.072054 
8.924528 7.395550 -0.569170 -9.497665 -2.811670 3.120518 0.275582 -4.805750 7.564013 0.240181 
-0.628376 0.954314 -2.102420 -3.876156 1.885128 -9.543443 -4.355296 -8.030335 3.530686 8.637654 
-0.241401 -0.359813 -7.443770 9.238868 3.551439 5.573595 0.517289 -5.011444 -3.338420 -2.613910 
4.963225 2.035890 -5.753044 8.798791 -2.834254 9.270608 -8.475295 8.503372 -1.988891 3.146764 
-8.206732 8.605914 -4.823450 -1.352886 6.054567 -1.742302 4.730064 6.997589 -7.638478 -1.882687 
-9.743645 -9.234596 -6.982940 1.244240 2.662740 -3.027131 -2.248299 -3.924375 -6.241340 8.831141 
-8.999603 -2.910550 6.759545 6.743065 -8.593097 -1.207007 -3.176061 -0.815760 1.680654 -1.345561 
4.762413 -5.908689 -3.071688 4.606159 -2.977691 -8.616291 9.588610 -7.261269 -4.897916 7.244789 
-0.908536 -9.173559 7.491989 -9.219337 4.373608 -6.716819 7.285684 3.697928 7.362590 3.200476 
8.579669 3.597827 5.571154 7.072665 4.786218 1.545152 1.912595 -2.148198 1.984008 -5.493027 
9.868160 -8.061464 -9.564196 3.306681 2.133549 -4.253975 7.393719 -3.292032 0.866420 7.463912 
-5.684683 -7.742851 -2.344127 9.634999 1.627552 -5.491806 1.351054 -1.815546 4.143498 1.254616 
1.860714 3.514206 0.278024 -1.603137 8.055361 9.293802 -1.829585 -5.934935 7.897275 4.574419 
1.849727 -7.374187 8.923917 -5.156102 0.564898 -0.803552 7.200232 7.656178 -5.600452 -4.710532 
2.881863 -1.548204 -0.691855 -3.778497 -9.499496 -7.798395 4.680624 -9.102756 2.099979 6.498306 
6.582537 -5.391095 -8.651692 -8.290963 9.777215 -4.541459 -3.243202 -6.165044 1.662343 5.050508 
-7.879574 -4.316843 -8.749962 -5.945311 2.309336 1.985839 -3.694266 3.288369 -7.458419 4.091006 
-8.222602 -9.078951 9.254128 9.849239 2.643818 6.445814 0.697958 -5.685293 -5.707877 -7.975402 
-4.605548 -3.097934 3.571581 1.851558 6.553850 0.603351 3.624073 0.140080 0.608844 -1.094699 
5.638905 8.372143 -2.034669 6.027711 -9.360332 2.430189 4.112369 -3.897519 -5.558947 -9.764397 
-0.801111 6.931059 -1.113010 -9.477523 4.224067 -6.074709 -7.489547 3.364666 -8.056581 9.884640 
-6.270638 -6.910916 0.633869 -3.801691 -0.295114 -5.801263 -1.170385 1.139256 -6.008789 0.922575 
-0.834681 -9.162572 -3.900571 -8.972137 9.442122 8.580889 6.097903 4.515213 -0.956145 8.059023 
7.378460 7.817927 8.837245 -3.820612 0.713218 4.138005 2.662130 -8.922697 -7.277749 0.538041 
8.558916 -9.053926 -8.116398 -7.583544 7.842341 -0.687582 -4.796594 -4.009217 0.152287 2.383801 
-1.321757 9.412214 2.607196 4.089785 -5.328227 -6.860256 -8.817713 -5.558336 9.327982 -9.802850 
2.441786 -3.155919 3.149815 -3.063143 3.746147 9.968261 7.866756 4.935148 -9.940794 9.825434 
2.717673 4.650105 -4.510331 7.662282 3.271889 -8.543657 -2.330088 9.297464 5.911740 4.694052 
3.126011 -8.470412 1.106906 0.340892 -8.259835 1.244240 -1.393780 7.955260 8.446608 -7.166051 
-2.340464 -7.510910 0.267647 9.572741 5.411847 -8.378857 6.840724 4.550615 -3.417768 9.209571 
2.536393 6.814478 -2.439955 -4.488968 -1.692251 8.318430 8.035829 -5.214698 1.390118 -2.671285 
3.298746 -9.101535 0.976897 -6.105838 -9.675283 -8.435621 -2.004151 -6.990265 0.778527 1.845454 
7.117832 -8.893399 -5.953856 7.529832 9.108249 1.482894 -6.553240 -0.975066 1.660512 -5.692618 
8.721274 -3.621632 6.834620 6.814478 7.937559 6.055177 3.209632 -0.674764 -8.059633 -9.898068 
0.903653 2.709738 -5.540635 -1.679434 7.557909 -7.080599 1.006195 4.065371 3.428755 -1.781365 
9.689932 -5.692618 -6.295053 -5.267800 7.067782 -5.420392 -3.825495 -4.059877 2.163457 -0.574053 
-7.628101 -8.257393 -8.232368 8.987396 0.321970 2.721946 0.163884 2.341685 -2.984405 5.219581 
6.379284 8.233589 8.734092 -7.134312 2.114017 3.801691 -2.653584 -9.827265 -6.553240 1.949217 
0.719932 3.830378 9.465926 -2.035279 -4.658040 7.310709 -9.072237 -3.971984 -0.694906 4.433424 
2.092044 6.227912 3.763848 7.487716 -1.166723 -7.296060 -9.007538 -4.442579 -3.823054 3.555712 
7.173376 8.662679 8.368480 3.127842 8.030335 3.349406 4.606769 -2.693869 5.446028 5.347758 
-6.429334 -7.552416 -6.825465 4.925993 -0.142521 -1.437117 -0.212104 -9.435408 5.455794 -2.612690 
6.961577 6.576434 -0.608844 5.958739 1.252174 -9.703970 8.653523 -3.677175 -2.535173 -5.534532 
-6.458632 2.005982 1.753288 -9.560533 0.549028 -8.139592 -7.432783 -2.163457 -4.092837 1.926023 
7.582934 -3.740043 -7.074496 5.917234 -5.275735 4.714805 -3.758965 -5.025483 -4.574419 4.343089 
-3.894467 7.295450 -1.770379 -9.891354 -4.157537 -1.728874 -9.124119 7.048860 5.587024 -8.236641 
8.981292 -3.282266 5.445418 3.128452 9.451888 9.462874 -8.812830 -5.366680 6.745506 8.130436 
5.610828 -6.123539 0.110172 -1.147191 8.685263 -4.160588 9.924924 -5.471053 9.617908 -0.802942 
-8.735313 6.619770 -6.043580 -2.485733 2.822657 -9.105197 8.853114 -4.054994 -0.699179 2.749413 
-0.379345 -5.931272 5.410016 7.709281 0.701010 5.481429 -0.410474 2.767724 -5.823847 -5.229347 
5.587634 -5.843989 -1.063570 2.499161 0.005188 7.194128 3.645436 -1.179540 -6.044801 -6.172979 
6.613666 -3.647877 -3.061312 -6.507462 -4.288156 2.931913 1.076998 -7.076327 -8.544877 4.882656 
-6.183355 0.528275 6.364025 1.408429 -2.756127 0.960417 3.748589 0.749840 2.114628 5.515610 
9.031953 -1.277810 -5.256813 3.966491 -3.270058 -9.741203 4.871059 -6.525163 6.230964 -5.408185 
-7.377850 -9.807733 9.478744 4.686728 2.706687 -0.813318 3.702200 1.561022 3.954283 8.310495 
-7.693411 4.112369 2.339244 1.640980 7.053133 -4.924162 5.602283 -1.883297 -5.349590 -6.256600 
7.596362 -9.008148 0.894498 -3.936583 -9.511704 -6.262093 -4.540239 -7.253334 -7.065950 8.013855 
-9.512314 6.010620 2.357555 -0.667440 -3.910947 -4.427320 -0.547807 -3.950621 5.880612 -5.460677 
-6.959136 -2.707297 -4.310739 5.787835 -6.592914 5.466781 8.547319 -0.509964 2.226936 8.948943 
9.096042 2.397229 7.232582 -9.390851 0.532548 -0.505081 -0.278634 7.772759 7.221595 -1.321146 
3.048494 -0.747398 -3.909116 -0.943327 -9.785760 5.080416 -0.052797 -6.491592 -1.316263 -5.445418 
-4.174017 6.130253 0.550249 8.236030 1.510361 -4.813684 -3.813288 9.510483 3.332926 2.195807 
9.487289 -8.648640 -1.602527 -2.230598 -7.156896 -6.097903 4.336985 4.841151 -0.033876 -1.503037 
-0.265206 9.896237 -5.309305 -6.241340 8.337352 2.838527 -6.124149 -0.605792 -9.822993 -3.885922 
-7.464522 3.301798 -7.256996 3.720511 9.318827 -2.371593 5.301981 -9.287088 0.467238 9.401837 
9.520249 -6.139409 0.375683 -8.653523 9.494613 4.046449 -3.124790 8.533891 -5.676138 -8.947111 
-0.627155 6.462294 -3.656423 1.363872 7.963805 -3.775445 -1.851558 9.586169 1.645863 2.356944 
-8.468581 -5.861690 -6.234016 9.013031 1.460921 -2.177496 -7.192907 -9.914548 -1.778924 3.895077 
-3.335978 -1.103854 -9.157079 8.279977 -1.489608 3.079012 4.949797 -1.463973 -7.600024 0.287790 
-1.864376 0.205390 -3.284707 0.345775 -3.981140 1.173437 3.594165 9.468368 2.074343 -5.344096 
-7.543870 2.176275 4.385815 -8.547319 -4.240547 -3.461715 -7.567064 2.074953 -4.896084 -1.653798 
7.050691 -0.614338 -4.183172 9.874264 -3.335978 2.371593 -1.864986 8.819544 2.952055 -8.326365 
-6.885891 -6.923124 9.038667 -2.501602 1.393780 -3.050935 -6.645405 -9.460433 2.935575 -5.569323 
2.286752 -3.469649 -4.138005 -4.814295 4.739830 5.054170 -7.476119 8.850673 1.739250 -6.760155 
-9.080172 3.274941 -5.803095 -5.036470 9.591662 -7.661672 1.967528 -3.820002 4.117252 -1.037324 
-2.685324 7.019562 -6.661885 8.937346 5.924558 -8.742637 -6.567888 1.199683 -1.429182 3.804743 
7.965636 -9.819941 6.583758 -3.185217 -7.956481 5.843379 4.221015 5.064547 -1.305887 7.048860 
-8.917203 -8.794519 5.593127 -6.140629 -2.306284 1.531724 -9.722892 -5.579089 7.363811 -7.125767 
-8.049867 -7.970519 -2.522965 1.256447 8.018738 8.029115 -6.691183 -7.067171 3.480026 6.148564 
-2.488784 8.433790 1.286355 -6.091189 8.388012 0.242012 -8.192694 6.731468 -9.920652 -5.269021 
9.528184 -9.644154 7.794733 -1.015351 -4.915616 7.216102 -8.803674 3.119297 -9.210791 2.375866 
-0.912198 -1.252174 7.752617 -5.334330 8.501541 4.195990 -7.272866 8.639485 1.334574 -2.900174 
-7.188635 -7.028108 -8.353221 5.017548 6.124760 0.934782 6.747337 -5.333110 -3.415937 -1.441389 
5.192114 -9.573962 0.909757 -3.878597 4.826502 2.714011 5.981323 8.583331 3.988464 -3.121738 
4.668416 0.583209 9.000824 3.220008 8.267159 1.642201 -8.923307 -1.228980 3.659474 7.178869 
5.767693 1.457869 -6.674093 -9.027070 -1.927854 7.272256 6.334727 4.699545 6.334727 -8.928190 
-1.571398 -9.843135 8.059023 1.647084 9.348735 -0.180975 0.758385 -8.342845 -4.504837 -8.676107 
0.976897 -6.912137 6.078372 -8.453322 -5.413068 -1.165502 0.862148 -4.146550 1.516465 1.042207 
-2.362438 -1.816156 8.000427 6.832789 7.548753 -2.422864 9.506821 2.037721 6.392712 -3.229163 
-2.552263 3.563646 0.022279 -1.513413 -7.194128 -8.985565 -8.023011 -4.953459 -0.204779 -1.798456 
-8.536943 -3.070467 2.693258 -4.848476 9.810175 -4.101993 -1.041597 1.260720 3.530686 8.320872 
-8.240913 0.193793 -7.893002 -5.685293 -4.952239 -2.825709 8.628498 -1.662343 -5.705435 9.281594 
-8.598590 6.840724 -3.989685 9.373150 -5.330058 8.628498 9.185156 -5.722526 6.555681 -6.472060 
-8.235420 -2.140263 -7.653127 -4.986419 5.295877 -0.402539 -8.722495 -7.608570 -9.151585 9.292581 
4.890591 -1.810663 9.368267 -1.464583 5.139622 6.359142 -0.446486 -0.441603 0.339061 6.929838 
-3.593554 2.092654 7.089145 2.726829 3.569140 8.856166 6.303598 -6.208991 2.571184 0.306711 
-8.533891 5.112766 -7.877743 9.269387 7.235023 3.314615 0.566118 -3.921934 6.522721 -2.093265 
4.618976 4.847865 4.185614 -7.270425 -2.468032 -8.499100 -4.568926 3.226722 -0.216987 4.185003 
-2.919706 5.156102 -4.562822 6.688131 -0.193182 -9.628285 7.297281 5.495468 9.478133 -4.692221 
-6.034425 -8.900723 5.719474 -2.226936 1.946776 -5.806757 -4.163030 7.697684 -4.089175 7.373577 
-7.791070 7.448653 0.254830 -7.028718 -8.716391 7.337565 -4.935759 7.651296 2.303842 -8.045595 
-0.372631 4.378491 3.877377 2.942900 6.605731 2.407605 -3.465987 -6.157109 -0.007019 5.896481 
9.373760 2.636494 -0.005188 1.777703 8.947722 -2.391736 7.941221 -2.480850 8.491165 2.151860 
-5.636464 9.385357 5.627308 -5.853755 3.365886 1.832636 6.678976 5.532701 -3.597217 8.670003 
5.702994 -2.296518 8.604694 -3.409833 -3.621021 -1.658071 0.756554 1.718497 4.872280 -4.667806 
0.078433 -0.209052 1.796014 -6.639912 -7.090365 0.589312 1.410260 8.842738 2.435682 7.260048 
6.158940 8.790857 -5.419172 -8.857997 4.691610 9.256569 5.188452 2.724998 1.487167 -1.038545 
-8.388012 9.367046 6.200446 3.759575 1.855220 0.394604 0.859706 -2.469253 4.360179 -9.790033 
-6.951811 -4.842982 -8.397778 0.035707 -6.823023 -6.813257 0.585650 8.905606 3.991516 -6.176641 
3.384198 -5.447249 0.427564 -2.145756 -9.155248 -5.201880 7.943052 2.157353 2.581561 -9.932859 
-2.546159 7.394940 6.380505 -2.323374 4.991913 -8.466140 0.146184 -1.507920 -5.781121 -5.189673 
-0.488601 6.600238 9.916379 -8.240303 4.237495 2.611469 0.571001 -4.050111 6.524552 1.223487 
-1.800897 -6.975005 -5.634632 -6.339000 -6.491592 7.706839 -6.937162 -4.369335 -5.453963 0.354320 
-1.968139 1.403546 6.946318 -1.273537 2.020631 -5.341044 3.899350 0.563066 9.869381 -3.292642 
3.981750 -7.392499 3.929258 2.727439 4.952239 1.708731 -6.719871 6.625874 -8.340403 3.606372 
9.851070 5.165868 6.168096 5.046236 4.584185 1.972411 -1.761223 4.837489 6.767479 2.044435 
4.291208 9.477523 -0.350658 -2.596820 -7.043367 8.978851 -4.528642 -5.502182 5.369121 8.507645 
3.040559 3.992126 8.296457 1.474960 -9.041108 3.558153 8.259835 -0.304270 -0.344554 -5.691397 
4.747765 6.240120 5.317240 1.479232 -9.344462 6.610614 8.868984 -0.001526 -1.918699 3.859676 
-6.885281 -4.434034 -2.406995 -6.718650 1.168554 1.859493 9.105808 2.295907 -0.703452 4.503616 
-7.528611 -8.847011 -2.698141 -7.580493 -4.062929 0.088198 9.570910 7.184362 -9.434187 -1.462752 
9.910276 -8.982513 8.767052 2.058473 3.298135 4.035463 -4.952849 -7.434004 7.673879 -8.622394 
7.121494 7.514573 8.888516 -9.150365 -4.507889 -6.353648 1.951048 1.691641 -0.366527 -9.051485 
1.684927 5.110324 8.903775 2.412488 -4.080020 -2.808618 6.304819 -4.750816 4.357738 4.820399 
3.223670 9.177221 -3.783380 5.234230 3.271889 -2.604755 9.796136 -0.167547 3.350627 -4.112369 
7.078158 2.873318 -9.927976 6.664327 6.494644 -4.325999 -0.346995 -9.422590 6.981719 6.943876 
-0.589923 -4.666585 6.448866 9.877926 -1.013520 -5.679800 7.786798 -3.367718 9.423200 1.885739 
-4.459059 0.808435 -1.789911 0.681478 -3.626514 8.563799 -1.556749 6.708274 6.436048 8.991668 
0.199896 7.672658 -1.214331 4.372387 2.270272 0.299387 -6.033815 -9.058809 -7.634816 2.204352 
6.870632 -9.216285 -6.071657 3.970153 -6.973174 5.489975 7.667165 -2.961211 7.418134 -7.807550 
5.941038 3.048494 -1.034883 -7.387005 8.127995 0.243843 -6.196783 -4.261299 -4.912564 -7.420576 
-9.531236 4.759972 -9.146702 -2.854396 0.126652 8.887906 9.677114 -4.466384 -5.040132 -9.318827 
-3.455000 4.781335 -2.146977 9.508042 -0.693075 -6.495865 -3.516648 -8.242744 0.515458 -1.147191 
-5.044404 8.447829 7.133702 9.914548 6.099734 -9.174169 6.204718 -6.819361 -2.446059 4.615314 
4.635456 5.718863 -5.228736 -6.490371 1.196020 -8.345897 -5.946532 -7.443770 8.879971 7.606738 
8.758507 2.046266 -4.268014 -7.311930 1.789911 2.532731 2.287973 8.706015 7.507248 1.614124 
3.729057 6.174810 -3.832820 -6.903592 -5.100558 1.785028 4.039125 -0.837733 6.293222 2.934965 
2.298349 -3.825495 9.141820 4.957732 7.843562 -5.261696 -2.264168 -3.326823 9.146702 -5.357524 
7.090976 -0.117496 -9.731437 5.314798 -5.909299 -1.568957 6.166875 -7.596973 0.239570 2.471084 
-7.590258 1.119724 4.128239 3.540452 2.443007 -3.034455 1.764275 6.088137 -4.496902 -5.536363 
2.870266 -8.926969 8.334300 -5.476547 1.287576 -2.745750 -6.188238 1.067232 7.606738 -4.199652 
-0.390332 -2.467421 2.146367 3.850520 -9.977416 -6.110111 -3.588061 -7.361370 4.092837 4.788659 
1.155736 -4.179510 -6.868191 9.459212 9.160131 -6.390271 -9.199805 -5.995361 -9.124119 -1.625721 
-1.163060 6.695456 -8.961760 -2.710959 1.584216 6.893826 4.378491 -2.308115 -7.571947 -1.756340 
-1.432844 -9.240699 5.271462 6.740013 2.508927 -0.875576 -5.821406 -5.699332 8.110904 4.067202 
-5.696280 8.482009 3.654592 -2.101199 7.236244 -1.058687 6.895657 -2.829371 3.880428 1.289407 
-3.989685 2.321543 8.010193 -1.051973 6.526994 -0.600909 -6.403088 3.640553 -7.654958 9.479354 
-0.932951 5.140233 -0.998871 1.399884 -8.413648 -9.098483 7.264931 -6.555681 4.518265 6.199835 
-4.774621 -0.405591 1.160619 -4.597003 -3.021638 5.977660 7.910092 -4.999237 6.030763 -6.866359 
9.950560 -0.980560 1.566515 9.730827 -7.383343 7.438276 5.685904 -6.654561 1.544542 -1.753288 
9.744255 3.948180 4.730064 -6.246834 -2.082278 5.694449 9.634388 1.780755 6.126591 2.674337 
-1.552477 2.366100 4.423658 4.227119 -5.351421 0.595416 0.996429 5.451521 3.968322 -3.802301 
-4.112980 -1.465804 2.901395 -9.480575 2.568133 0.528275 -2.122562 1.506088 5.494858 -6.803491 
8.225654 7.318033 -8.245796 0.556963 -3.957335 9.205908 4.950407 -0.258492 -3.882870 -5.735343 
-0.569781 -9.197363 9.000824 8.702353 2.993561 1.094699 -9.622791 2.228156 6.201056 9.841914 
-0.151067 -5.782952 6.411023 8.534501 2.249519 2.240974 4.665365 2.766503 4.637288 3.617359 
3.554491 -8.856166 2.061525 -9.414655 4.182562 6.889554 -4.742882 9.743645 -9.642323 -2.234870 
-6.633808 6.367687 -1.861324 9.945067 4.833827 4.236885 -1.149022 -8.549150 9.583728 1.595202 
-6.289560 0.793176 -4.384594 -6.133305 8.173772 -3.580737 -6.862697 3.758354 4.131901 -7.377850 
9.364605 9.363994 -1.905881 -2.494888 -2.898343 -9.093600 3.459883 -1.347392 0.248115 6.740013 
5.024873 -7.885678 9.335307 -0.774865 3.838923 0.339671 -9.771111 1.122776 0.535600 -5.322733 
-0.874355 3.115024 -4.731895 8.076724 6.956694 -6.917020 -7.629322 -6.398816 6.331675 7.772149 
7.867977 -5.602893 4.154485 7.460250 7.965636 0.722983 -6.982330 -5.738395 -3.359783 -0.319529 
4.517045 4.691000 0.458693 -6.737571 -2.397839 -2.899564 8.742027 -9.649037 5.094455 4.639729 
-2.787255 8.278756 -8.509476 -5.667592 -6.757714 9.588000 5.184790 2.925199 -9.175390 9.616077 
-1.777093 -9.893185 -6.603290 0.517899 -3.272500 -0.252388 -7.354656 7.364422 -4.891202 9.758904 
1.406598 1.929685 -2.809839 1.219214 8.794519 9.808954 -2.627949 7.382733 -4.315012 -3.530686 
4.961394 -6.810816 -1.327860 7.883236 4.788659 5.916013 0.626545 -8.654134 -2.759789 7.576830 
-4.018983 -7.876522 -9.171728 9.714347 8.869594 -8.463698 -9.572130 1.192358 -7.762383 2.121342 
-5.702994 9.627674 6.062502 5.484481 3.017975 7.072054 2.789697 8.475906 -6.526383 0.582598 
-1.869869 3.307901 0.987274 -1.698355 -4.670858 7.247230 2.754295 -8.341014 1.037935 7.499313 
5.685293 4.347972 0.911588 6.911527 -8.210395 8.667562 -6.940825 -3.870663 4.225288 -0.115665 
7.470016 7.812433 7.130650 9.225440 9.540391 -1.447493 2.377087 6.120487 -4.170965 -5.887936 
-3.638722 -9.660634 0.164495 3.605762 -0.045473 4.628742 -1.776482 -1.750237 -5.251930 8.482009 
8.720664 0.315256 8.708457 3.673513 -0.687582 -2.109745 -5.626698 -7.832575 -4.634236 -8.901944 
-7.285684 -2.959380 -0.306711 5.378887 -4.219184 7.033601 1.394391 -2.533952 -8.732261 -4.637898 
1.921140 9.692373 2.114017 -6.584979 -3.500778 -1.772820 4.270455 9.949339 -0.979339 -9.103366 
-4.244819 -3.572802 8.541826 0.191351 0.122990 9.113132 5.504624 7.096469 -2.529069 8.540605 
-4.186224 1.370586 6.115604 7.001251 -9.113742 -6.111942 8.048036 4.658040 1.805780 6.684469 
1.316874 4.920499 -4.300363 -3.685720 -7.564623 9.697867 -7.528001 -3.837703 -8.032777 5.165868 
-9.989624 -6.682638 6.387219 -1.335185 -4.004944 5.647450 9.368267 -2.649312 -5.565661 -5.309305 
5.599841 9.235817 5.052339 -0.002747 -9.728385 -2.768334 3.651540 -9.467147 -2.646870 6.831568 
1.580554 -1.210669 -0.226142 -1.959593 -7.576830 -6.797998 -5.344707 2.198859 4.044618 -5.475326 
-3.298135 -5.692007 4.108097 -8.233589 -7.122105 1.487777 -2.801294 3.328654 1.507309 -1.803949 
1.673330 -1.040376 8.900113 8.828089 4.355907 8.155461 6.655171 8.323923 1.216163 -9.368877 
2.745140 1.409040 2.149419 -5.510117 9.516587 -8.905606 7.977233 -2.295297 1.728263 -2.942289 
-2.196417 -1.446272 7.756890 -5.471664 -5.147557 -9.376202 7.089755 -5.684683 8.896451 8.006531 
-2.771996 -5.416120 3.417768 -3.686331 3.138829 5.018769 5.623646 -4.853969 -7.641530 -6.007569 
7.433393 7.625050 8.897061 -0.627155 -4.432814 2.618793 9.044771 -6.418958 -1.132542 5.294656 
-7.768487 3.536180 -9.038667 1.614124 -9.960936 -3.894467 -3.589282 -7.604907 6.505631 9.692373 
-1.544542 2.575457 -7.155065 2.574236 -3.511765 1.289407 9.708853 -1.368145 -8.619953 -1.602527 
0.102847 1.078829 6.779687 -6.918851 6.105228 -5.170751 4.515824 0.133366 -7.515793 8.121891 
2.229987 9.571520 -9.628895 -5.978271 -8.645589 5.194555 4.081240 2.443007 3.571581 -2.290414 
-5.763421 3.286538 3.869442 -1.943724 0.295724 -8.649251 -1.667837 6.548357 -4.375439 -6.381726 
-5.225074 3.460494 -1.767937 9.548936 4.357738 -3.307901 -9.707022 5.010224 2.299570 -7.883236 
9.587390 -9.537950 -4.177068 2.258675 5.975219 4.028138 -2.554704 -1.091037 6.040529 -9.931639 
-8.250679 5.322733 -0.981170 -6.107669 -6.244392 -6.404920 7.144688 3.224281 7.020173 2.875759 
-6.470229 -2.946562 -0.417188 4.012268 -9.284036 -7.506638 5.895871 6.276131 3.009430 -9.729606 
-7.150182 -8.221992 5.729240 9.476302 -1.969970 -6.796167 -5.502182 -7.808161 -1.680044 0.497757 
7.698904 8.635823 -3.014313 -7.887509 -4.787439 3.428755 7.358928 -3.538011 -3.421430 -6.372570 
1.249123 -0.816980 1.689810 -0.863369 0.202948 1.853389 -2.849513 -3.872494 -2.253792 7.775201 
-8.573565 -5.906247 -9.277322 0.449538 1.910154 7.159948 7.860652 -9.617908 -2.981964 0.276193 
-6.309091 -4.175848 -3.537400 0.922575 -4.055605 -6.913968 2.802515 -3.060701 -5.453963 2.052370 
7.413251 -8.878140 0.339061 2.506485 3.997009 -6.805933 1.659291 6.912748 -7.246620 -0.206610 
6.886502 5.255593 8.342235 3.085116 1.098361 7.589648 -5.243385 -1.365093 4.947966 -0.107730 
0.240791 -6.830958 -6.105228 -1.122166 -4.634236 2.833644 5.916623 1.373028 7.399213 2.593768 
-4.188665 -6.113163 -5.914792 -2.609027 4.237495 -1.992553 9.967650 -4.324778 -0.398267 -2.760399 
8.370922 -4.044008 0.918912 0.910978 -7.820978 6.976226 -0.218207 -9.220557 -3.480026 -7.850276 
9.550768 5.956297 -3.505661 -1.117283 -0.105899 -8.226875 3.064974 3.395795 4.816736 8.226875 
0.238350 -8.314768 2.271493 3.610645 6.659444 7.244789 -6.484878 8.972747 -5.257424 6.155889 
0.304270 -0.987274 -9.528184 -9.794305 8.071841 -4.941252 6.985382 -1.376690 -6.794946 -4.270455 
-4.923551 9.075900 2.552263 -9.076510 3.733329 8.555254 3.275552 4.749596 -6.158330 4.762413 
-8.815882 3.028352 -1.819819 -1.366314 -4.329051 -9.005097 -9.177221 8.616901 9.368877 -3.188879 
-0.910978 7.335734 0.666829 6.533097 1.151463 1.259499 -2.803735 6.140629 2.433851 -5.992309 
-1.577502 -3.727836 -6.074099 3.909726 5.462508 -4.731895 5.536363 -3.551439 6.250496 -3.829768 
-2.396008 2.212897 4.185614 -6.717429 3.709525 0.981780 8.377636 3.934751 7.890561 2.568133 
-6.381115 1.061129 9.399396 5.040132 8.213446 2.226936 -1.870479 0.957366 -2.229377 -9.276101 
-6.177862 -7.762993 3.116245 -5.635853 -7.804498 4.274117 0.414747 -2.411267 -8.892788 -0.049135 
1.656240 -7.474899 -0.116276 4.149602 3.609424 4.618976 4.937590 -0.600299 3.383587 -1.549425 
-5.200659 3.282266 8.713340 -0.617389 -2.311167 8.218940 1.093478 -3.353069 -5.250099 -5.734733 
-0.102237 3.502609 2.073122 -4.458449 5.590075 0.090030 4.635456 -9.084445 -9.832759 -5.391705 
-4.723960 -0.424512 -7.045808 8.429518 1.838130 -7.898495 9.871822 0.792566 -4.401074 -2.319712 
-5.692007 -1.311991 4.114200 -1.930906 -2.278817 7.562792 1.600085 8.948332 8.082217 8.469802 
-0.016175 -0.725425 -5.695059 -2.708518 -6.265145 9.278542 -5.223853 -8.342845 1.622059 -2.292856 
-1.894894 1.175878 -1.503647 -1.040986 -5.767693 6.620991 0.249336 0.721763 4.011658 3.683279 
-4.945524 2.743309 5.394757 -3.082064 4.022645 7.363811 4.340037 -0.489212 4.399854 2.427137 
8.577837 4.496292 -1.575671 7.200232 -7.655568 3.035066 0.980560 1.928465 -9.770501 -4.601886 
9.156468 -8.355663 8.236030 -9.735710 6.847438 4.864956 -9.798578 -2.035279 7.524949 -2.212287 
7.695242 -6.704001 8.289743 4.632405 -8.489944 -6.465346 -1.661733 4.725181 -7.109287 7.265542 
-5.021821 6.981719 -7.395550 -0.346385 -9.707633 2.383190 5.994751 9.799799 1.607410 5.098117 
2.131108 5.771966 8.863491 -7.149571 5.193945 -7.026276 -7.967467 7.180700 -3.800470 1.449324 
-8.303171 4.204535 3.212073 7.761162 5.914182 -3.484298 -1.850948 -2.939848 6.500748 -3.162023 
8.320872 0.985443 7.853328 4.061098 0.813318 -3.005768 -8.567461 2.289804 7.856990 4.778283 
-0.961638 -6.480605 -8.713950 5.360576 -2.004761 -5.427717 -5.762200 -1.473128 -8.618122 -1.081271 
-1.811884 4.189886 -3.577685 -6.000855 -6.523331 3.332316 4.163640 -5.311136 1.429182 4.139836 
3.571581 3.511765 -3.800470 8.958708 3.165685 -1.758171 4.477981 7.695242 -6.685690 -2.489395 
-8.840907 -6.713157 2.321543 5.048677 9.126560 4.872890 9.428083 3.182165 1.251564 -5.728019 
7.850276 -3.783380 -7.246620 1.425520 0.983612 -5.674917 2.030396 -5.610218 4.898526 -1.430403 
8.093204 -0.457472 0.240181 -2.319102 2.724998 -2.405164 6.683248 -2.776879 5.497909 -8.944060 
3.032624 -8.238472 9.754631 -1.229591 6.129643 0.666829 -2.294076 3.141270 -8.338572 -1.823481 
-7.256996 5.684072 -9.985961 -1.662343 7.108066 -3.480636 0.288400 5.461287 -6.963408 -6.560564 
-4.396191 -9.298074 -4.491409 -3.834651 2.820826 5.405744 -5.282449 -8.569292 9.796136 -8.168889 
-3.603931 -5.494247 3.306681 1.883297 -1.879635 2.793970 -9.240089 4.481033 9.707022 7.123936 
8.823206 -7.822810 -4.152654 -3.639943 -7.919858 7.669607 -0.911588 0.962249 4.868007 0.810266 
-8.713340 -8.889737 9.390851 -3.244423 -8.330027 -4.971160 -6.749779 5.870235 -0.376293 -6.871853 
9.522080 -3.984802 0.324412 -6.404920 -7.518845 -2.157964 -8.641926 5.051119 2.137211 3.722343 
8.433790 -8.096866 0.662557 -9.067965 -1.676992 8.024842 -6.124149 9.724723 -2.842799 -5.632191 
0.880459 6.900540 2.195196 -3.841975 4.993744 5.523545 -4.804529 5.277566 9.094211 -8.616291 
5.514389 3.472701 8.501541 6.850490 -8.944670 -7.998596 4.526811 2.728050 5.196997 3.358562 
-8.193304 8.746910 7.817927 0.688803 2.556536 -6.686300 8.553423 0.526444 0.856655 -6.859645 
0.400708 4.474929 -9.892575 3.386029 -8.198187 -4.539018 6.774194 8.925748 -4.672689 4.182562 
3.539232 7.381512 1.086154 1.374859 -4.998016 4.537797 -7.011017 1.525620 9.037446 -7.242958 
-4.011658 -6.341441 -3.057039 -6.963408 -7.585376 4.812464 5.505844 -8.682821 -4.452956 -8.161565 
4.100162 9.680776 -1.468856 7.148350 9.956664 3.044221 6.772973 -5.974609 4.716025 2.004761 
-8.065737 -2.860500 5.399030 -7.577441 -4.339427 3.871883 2.914823 -7.598193 1.150853 2.095096 
-8.767663 -2.729270 0.710166 -9.980468 0.343944 -6.802271 -2.594989 3.732719 -3.863338 -9.933470 
8.939177 -1.940062 0.311594 -5.768914 -8.114566 6.377453 -6.540422 -8.221381 -5.603504 -5.018769 
-5.569323 2.930692 -4.490799 -2.331919 -0.887173 -1.808222 -0.816370 6.124149 -8.243355 -3.107089 
1.188086 1.761834 -8.041932 -1.266213 -3.035066 4.633625 -9.569079 8.962371 8.594317 5.031587 
-3.300577 7.808771 -1.013520 -6.585589 -8.180486 4.806360 -8.574786 -5.724967 9.274880 8.618732 
2.588885 -0.417798 -2.847072 -7.003082 7.170934 7.415082 4.744102 9.498886 2.226936 1.417585 
6.669820 7.586596 9.377422 -3.298746 7.683035 -7.262490 2.980132 7.817316 1.254006 3.185827 
2.413709 4.418165 5.070650 -4.086123 -3.426313 -9.749748 6.578875 2.543107 -1.262551 -8.917814 
1.683096 5.716422 -0.110172 7.209387 -0.256050 -3.377483 -1.338847 -3.850520 -2.019410 4.277169 
-4.014100 1.163671 -1.580554 -2.817774 -7.384564 -8.783532 -9.498276 7.999207 -2.391736 8.013855 
-7.515793 1.849727 5.917844 5.725578 -5.248878 -1.119114 -6.790063 -0.958586 -1.832636 -8.295846 
6.034425 5.162816 -9.407941 8.350780 -4.535356 -4.633015 -5.312357 1.352275 -7.650685 1.768548 
-9.863887 -6.412244 -7.717215 -5.101169 3.398236 1.506088 8.430128 -2.265389 8.134709 6.357311 
0.327464 -8.210395 9.420148 -5.938597 -3.211463 0.910367 -5.133518 -5.668813 1.029389 8.386181 
5.790277 -0.321970 -3.847468 -6.994537 -8.465529 -5.076144 -0.896329 -0.315256 0.096133 -2.146367 
1.228980 -9.708853 8.149968 1.614734 3.563646 -9.716178 3.622242 -0.492874 4.968108 -3.194372 
3.926206 2.778100 -8.760949 3.838313 2.984405 -7.948546 3.330485 -9.943236 -9.831538 -6.987823 
-7.210608 5.008393 -5.724357 -3.024079 2.554094 -0.775475 -4.332713 -3.034455 1.220435 -6.082034 
-0.296335 -0.078433 8.917203 -4.136174 -5.416120 5.667592 2.899564 -6.894436 6.733299 -6.738792 
1.004364 -2.892239 -3.154698 5.353862 -8.928190 6.976836 9.725333 -8.823206 4.475539 1.373638 
1.033052 -1.204566 1.875362 -6.243782 -5.921506 -2.763451 9.326151 -3.439741 9.772942 -0.871303 
-7.143468 9.946898 2.870876 4.474929 9.657582 0.756554 7.628101 -3.819391 3.987243 7.274697 
5.997803 7.969298 5.939207 -4.557329 1.488388 -4.700766 1.177709 2.146367 -8.185369 9.919431 
9.778436 -8.808557 3.459883 8.679159 2.294687 -2.395398 1.277810 -2.777490 -8.820765 5.875729 
-3.742485 -0.808435 5.676748 -2.224494 4.582965 -8.442946 8.317820 -4.634846 1.095309 -3.285928 
1.147191 -5.173803 0.307321 -8.044984 -0.203558 -3.263955 8.074282 6.955473 3.534349 8.416700 
-2.948393 9.884030 -0.580767 3.970763 9.076510 -7.216712 8.682211 -2.349010 -2.422864 -3.178503 
-6.547746 -3.839534 -6.844996 8.057802 -8.030335 5.534532 5.450301 4.338206 0.391552 -1.789911 
4.423658 3.952452 9.326762 -4.077578 -5.821406 -3.329875 -6.774804 -5.959349 2.446669 7.788018 
0.743736 2.977691 -1.141697 -4.196600 4.205145 -7.707450 5.132908 -5.643178 -3.704031 -6.881008 
-9.694205 -0.953703 -7.893612 4.529252 -5.878780 9.754631 4.652547 -0.522172 -8.292184 9.110691 
-8.003479 -4.063540 2.676778 7.704398 4.095889 8.850063 -2.245857 -3.310953 7.501144 8.533280 
6.077151 -1.612293 -3.965880 1.148412 -3.717460 -4.466384 5.566271 -3.133335 -5.494858 9.771722 
1.020234 1.357768 -7.581103 -9.966430 -6.271859 -3.779717 8.439283 1.436506 -2.735984 3.986023 
-4.783166 -4.706259 -0.122990 3.315836 -3.456221 -9.095431 1.651967 -9.981689 6.799219 9.711905 
-5.478378 9.515366 -3.940855 -7.529832 -6.742454 -3.629566 -6.002686 0.056459 -4.442579 6.525163 
-4.305246 8.523515 -0.636921 -2.159185 2.494278 -0.951872 -4.470656 4.599445 1.015961 -6.619160 
3.969543 1.564074 -6.537980 -4.567705 -8.599811 3.242592 2.337413 9.614856 -1.184423 -6.035035 
2.706076 -3.436689 -3.187048 -5.587024 5.113376 -3.122349 -3.107700 0.211493 2.300790 3.478195 
-3.139439 -1.774651 2.827540 -6.764428 8.459426 -3.833430 4.736778 -1.524400 5.348369 -8.845790 
-7.617115 8.992279 -0.440992 -7.158727 9.554430 5.195166 4.559771 6.737571 -8.003479 -6.984161 
-6.966460 -6.649068 -7.509690 1.194800 7.524339 8.779260 1.583605 -8.425855 -7.959532 2.364269 
-2.884915 3.030183 2.780541 -2.949004 5.654164 -0.345164 6.067385 8.059023 8.974578 3.829768 
1.644642 5.500351 -1.301004 4.797205 -0.552080 -3.426313 -7.771538 3.375652 7.972961 -7.053743 
-6.915799 3.420820 2.377697 -1.037935 8.795740 -9.319437 -9.571520 6.289560 9.440901 9.652089 
4.429762 -9.354839 -0.010681 -0.931730 -2.751854 -3.789483 9.550768 -3.346965 -9.429304 3.366497 
-9.337748 -6.252937 -6.492813 5.376446 -8.254952 -9.549547 -0.324412 9.639882 -4.155095 -8.107852 
0.883511 9.139988 8.790246 -3.737602 5.543077 -0.290841 9.886471 -4.778283 -0.073550 8.746910 
8.278146 -2.674337 0.412305 -9.002045 -1.905271 -4.924772 -5.180517 -2.963652 -4.482253 6.227912 
0.978118 -9.937742 -9.121067 9.992676 0.646687 -3.353679 -1.071505 8.730430 -3.093051 7.045198 
0.389111 -4.210028 -6.840114 -9.287698 -2.073733 0.100406 1.850948 2.629170 -0.344554 8.142644 
1.042207 6.077151 -6.684469 -6.063112 6.965850 7.488937 4.230781 -2.343516 0.674764 8.987396 
0.182806 3.500778 -3.075961 -5.754265 -3.670461 -2.548601 -6.599017 -6.700339 3.282266 -4.460891 
8.433180 1.919919 -8.528397 3.237709 5.295267 1.186254 -5.068209 -3.380535 -8.751183 -7.117832 
7.619556 5.894040 9.425642 -3.667409 -4.601276 -8.049257 -8.307443 2.310556 -3.181555 -3.456221 
-9.381085 9.644765 -4.205145 -3.281655 -1.333354 0.140080 -0.657674 4.138005 -7.268593 -2.549211 
3.462935 -0.093692 -7.831965 5.518052 0.327464 5.529038 8.407544 -7.794733 9.869991 0.629597 
-5.693228 -6.245003 8.919034 8.050478 -8.650472 5.689566 0.997650 -3.040559 2.820826 -4.219184 
-0.092471 4.593951 -8.915983 4.717856 -9.769280 7.254555 7.089755 -9.906003 -2.128666 1.189306 
-9.775384 -0.660726 -6.247444 3.984802 6.652730 7.220374 3.817560 -2.917264 4.239937 3.541063 
8.429518 0.065004 -7.777642 6.659444 4.321726 -2.687765 3.715629 8.450270 -7.794733 7.677541 
9.202857 6.341441 3.169347 -2.212897 -0.874355 8.040101 6.992706 9.604480 3.702200 4.582354 
-4.504227 2.868435 8.094424 -2.671285 4.059267 3.052767 -8.948943 -5.468612 4.426710 -4.557329 
5.160375 3.088168 -8.076724 -4.015320 6.816309 -8.870815 0.218818 -0.495315 -5.953246 7.041536 
6.743675 -4.054384 0.315867 -9.440291 1.902829 -4.768517 2.423475 1.567736 5.204321 -8.609577 
-9.362163 2.201300 1.419416 6.563005 -0.825526 -2.090823 -0.085757 5.513169 5.154271 -6.919462 
-9.735710 1.279031 -5.838496 6.868191 -2.709128 2.574236 0.533769 4.828944 8.627277 3.578906 
0.492264 -7.986389 -2.045045 6.730857 6.262703 3.129063 -2.969756 -0.842616 -0.716269 -4.614704 
-0.381787 -6.639912 -9.344462 -0.323801 -9.527573 -7.215491 6.929228 -4.305857 2.475356 -7.105625 
9.376812 6.624042 -4.932096 -1.615955 4.863124 -0.974456 -2.904447 7.143468 -3.552660 3.541673 
7.188025 1.608631 -8.172552 2.045656 -5.189062 -1.877804 -2.229377 -3.133946 -4.900357 -5.078585 
-1.362651 7.701346 0.609455 9.386578 7.139805 -8.145085 3.108310 5.172582 5.444807 -6.577044 
8.524735 -0.149236 4.758141 -2.959990 -1.803339 -6.322520 1.507309 -8.168279 -0.475173 -9.874874 
-1.746574 1.180151 -0.832240 8.795129 7.451704 3.938414 1.905271 1.337626 6.192511 2.713401 
8.283639 -8.994720 0.039369 4.846644 -5.820185 6.464736 4.097720 -8.288522 5.405744 -9.511093 
-0.566729 1.960204 -9.531236 -5.840327 -7.036042 4.335154 4.636067 -2.796411 -1.037935 5.681631 
8.392895 5.080416 -9.727775 9.780267 -6.541032 3.462935 -2.611469 -7.382733 -0.541704 0.716269 
3.505661 9.738151 -5.619984 -0.984832 -6.329844 1.280862 1.955321 4.718467 6.164434 -9.655141 
9.069185 -1.379131 4.231391 0.295114 -3.658254 -3.274941 -3.715018 6.638081 4.996185 2.130497 
2.721335 9.096652 3.137608 -1.306497 -2.549211 -0.497757 4.577471 7.062899 2.287973 -8.864101 
3.314615 -6.275521 2.312387 5.132908 -3.187658 -6.317026 0.336619 -0.413526 1.186254 -2.606586 
-1.401715 -3.021638 -8.572954 2.582171 5.800653 -4.458449 9.799188 1.574450 -2.364879 0.203558 
-4.487747 4.753258 8.903165 -1.279641 -1.176489 -9.226661 5.361187 -1.366314 -7.335734 4.169744 
-6.575823 -9.329814 4.943693 -9.046602 -4.159368 -5.786004 4.628132 -7.135533 -8.531449 -9.528184 
4.748985 -9.138157 7.283242 -1.039155 -4.564653 -1.490219 0.728477 2.939238 -9.877316 -4.138005 
0.555132 -0.588092 -1.954711 4.489578 4.249702 -0.674764 6.138188 -5.743889 0.197455 -6.415296 
3.487960 2.483291 -7.303385 -9.477523 -8.560137 -3.881039 -2.057253 0.425733 -7.499924 -2.458266 
9.122288 -7.230140 1.144139 4.622639 -1.272927 1.764885 9.671621 5.666372 -3.773003 5.852535 
-7.778253 -0.134587 9.209571 -3.231605 0.080264 3.884091 6.129643 3.805963 -8.604694 -4.800256 
8.783532 8.892178 8.438063 -7.170934 -7.369915 -1.880856 5.524155 6.061281 3.096713 5.334941 
0.726035 -8.179266 5.977660 -6.561785 -5.502182 -8.704794 0.065615 8.990448 8.339793 6.439711 
-9.867550 -4.230171 6.627705 6.988433 8.388623 2.902615 -5.272683 8.605914 2.536393 -6.817530 
-3.466597 -7.210608 -1.436506 7.216712 4.531693 9.158300 -3.626514 9.011811 5.540025 -9.253517 
6.404920 8.633381 -4.771569 2.933744 5.340434 7.560350 4.561602 -3.370769 -0.944548 2.360607 
-8.730430 6.342662 -9.092380 -7.694021 -0.503861 3.758354 3.506882 6.569720 0.722983 7.448042 
-7.911924 -3.398236 -0.883511 -0.665609 -2.390515 9.344462 -5.588855 8.544877 -2.298349 6.876736 
5.457625 -6.734519 3.594165 8.138371 7.556078 1.235694 1.141697 -1.656240 6.710715 -0.505081 
4.082461 1.723380 3.915830 -5.987426 -2.361217 3.201086 -7.388836 9.830317 0.605182 -5.352031 
2.425916 -7.669607 4.028138 -8.666952 -7.668386 0.270089 -5.381939 -5.814081 6.343272 -8.810999 
1.014130 3.516648 -5.128636 9.834590 -8.982513 -0.207831 -5.118870 0.209662 -2.062746 -2.878201 
-8.054140 -8.110294 4.153264 5.053560 -2.644429 1.212500 0.038148 4.318064 3.379315 -2.019410 
6.348155 -7.855770 9.822382 -1.703238 -1.775872 2.772607 4.994354 -5.845210 -1.089206 -1.221046 
-5.782342 0.416578 1.334574 -1.142308 -0.998260 9.793085 5.652944 -2.336802 0.001526 -3.539232 
-9.092990 3.353069 6.894436 -1.064180 8.903775 8.449660 8.295236 2.829981 -1.557970 -0.353710 
4.833216 -5.886105 8.026063 2.188482 -1.477401 3.516037 5.169530 4.440138 1.541490 -7.325968 
0.433058 -1.716666 -2.446669 2.677389 4.313181 0.951872 -1.306497 -4.391919 5.102390 -6.057009 
-8.659627 9.721671 5.857418 4.618976 -6.193731 -1.119114 8.591266 6.133915 -0.937834 -3.121738 
3.813288 1.301004 5.629749 -2.741478 -6.446425 6.033815 9.762566 9.282205 5.982543 -2.018189 
2.037111 0.637532 9.757073 5.985595 1.490829 7.546922 6.223640 5.976440 -9.584948 2.870266 
7.593310 -1.050752 2.945341 2.847682 -0.781579 -3.370769 -9.442732 3.096103 -5.900754 -9.544053 
-2.388684 4.494461 -2.261727 9.520859 -9.949339 -0.432447 -8.529008 3.061312 -9.599597 0.013123 
-7.594531 -6.832179 2.169561 -4.020814 -1.922361 -6.703391 -3.203528 7.725150 -6.034425 -1.767937 
6.263314 0.295114 -8.021790 1.124607 -5.510727 1.820429 -1.953490 3.215735 -9.350566 -3.921323 
-3.061922 -8.110294 -2.479019 9.940794 -7.571337 -7.330851 -1.995605 6.319468 -9.056368 -9.224219 
-7.075716 3.254799 6.808374 7.894833 -6.747948 9.758904 -2.782373 9.753410 -0.137638 -0.962859 
5.063936 -9.854122 -6.044801 9.724113 -2.264168 7.036042 -8.729820 -4.252754 0.021668 -3.663137 
3.207801 -4.548784 9.241310 -0.965911 -2.003540 0.605792 -9.278542 7.236854 5.022431 -4.083682 
1.761223 4.806970 -4.556719 9.674673 2.182989 8.181707 2.223884 6.161382 -0.376904 3.015534 
-7.295450 0.433668 7.667776 2.270882 -3.162023 6.122318 4.967498 1.375469 4.210639 -3.141270 
-6.550188 -3.924986 -7.016511 -8.039491 3.766289 -1.388287 3.866390 7.001862 6.080203 -2.162847 
2.261727 -0.112003 -5.661489 -1.090426 1.692251 -6.933500 2.147588 8.174383 -8.352611 2.495499 
-1.635487 -1.130100 2.965484 -6.011231 0.551469 3.282266 -6.120487 -2.419202 -5.599841 6.960967 
9.859004 0.511795 -2.737815 -9.360332 0.352489 9.479354 -6.102176 -4.528642 5.585192 2.767113 
2.588885 -2.790307 -3.495285 2.887356 -0.283517 4.963836 1.032441 -9.649648 0.945769 -9.857173 
-0.287790 9.196753 7.138585 1.228370 3.910947 4.904019 -6.885891 9.982299 -0.323801 5.315409 
7.388836 4.734947 -9.613025 5.187841 1.013520 -3.637501 1.316263 5.002899 -6.354869 -7.413251 
-0.769372 4.663533 -5.038301 6.219367 -9.840693 2.692648 9.559313 -7.025666 8.449049 1.570177 
3.445235 4.484695 0.231025 9.824213 0.266427 -7.874081 -5.567492 1.503647 5.380718 7.297891 
4.446852 3.667409 5.908078 -6.235847 -6.406140 -7.507859 4.884487 -2.297739 7.500534 8.654744 
-2.359386 -8.942839 6.508072 -7.421186 8.535112 -6.146733 1.257057 -9.793085 -3.843806 -8.928800 
4.551836 9.894406 5.139622 9.718619 2.643208 1.061739 -7.305216 -8.275094 -0.952483 -4.761803 
8.001038 8.280587 -5.964232 0.101627 -7.437666 -8.757897 -7.098300 7.158727 -0.318918 7.242347 
6.155889 3.681448 1.144749 -9.894406 -5.254372 9.526353 -0.730308 -2.771996 3.455000 9.459212 
-7.576220 5.509507 -4.423658 1.615955 -7.853938 -7.510300 -7.989441 -7.279580 -0.005188 -1.689810 
7.897885 0.682699 2.247688 -5.893429 9.913327 -4.791101 -9.421369 -7.514573 7.358928 -2.958769 
6.834620 5.688955 0.157781 6.455580 0.039979 7.081210 -3.101596 1.643422 -6.246223 1.582385 
6.036256 -2.398450 -8.098086 0.668050 -6.616718 6.155278 1.209449 7.570727 9.023408 7.734306 
-1.637318 8.294015 -3.251747 -4.462111 0.022279 -5.920896 9.174169 2.706687 3.809626 -9.063692 
1.637318 -6.877346 -1.600696 1.876583 8.008972 6.473891 -9.164403 -2.543107 -8.454543 -1.807611 
9.199805 0.279244 -6.093631 4.914396 8.755455 -0.946989 -4.542070 -3.944517 -0.303659 -2.145146 
9.994507 2.162236 4.619587 -3.788263 6.992096 0.628376 3.848079 5.623646 4.537797 9.434797 
-3.267617 -1.837519 6.035646 9.509873 -2.942900 -7.237465 3.834040 6.357921 -9.334696 -5.168310 
2.890408 -8.438673 -6.557512 -5.190893 7.600024 -5.201880 -2.226325 1.293680 4.911344 6.986602 
5.601672 -5.635853 6.861476 5.189673 -3.788263 -5.275735 5.645619 -0.095523 6.874294 -5.707266 
4.349193 -4.642170 -5.549791 3.856624 -3.523362 3.433027 -3.887143 3.431196 -2.615131 1.855220 
-2.712180 -9.071017 0.762658 -2.736595 4.946135 -5.213477 3.271889 3.783990 -5.627918 6.144902 
-9.523301 -2.258675 7.541429 -3.757134 7.189245 -0.874966 -8.789026 -5.381329 5.349590 0.441603 
-7.124546 -6.237678 -7.421796 -6.431776 2.690207 -4.164861 -5.492416 -4.751427 -0.502029 7.088534 
-5.963622 1.838130 9.088107 -4.401685 0.615558 -6.064333 -7.204505 -2.050539 -7.294229 1.523789 
-5.408795 -9.513535 6.516617 -9.761345 4.759972 -9.237648 -5.834834 -0.595416 8.313547 4.806360 
4.371776 -7.560961 -3.747978 5.835444 8.819544 -9.718619 7.805109 0.041810 7.302164 8.439894 
1.767937 5.068819 -5.209815 8.303781 5.073092 -3.187658 3.529466 3.340861 -3.295694 -9.837031 
3.309122 -9.204688 -4.904019 9.324320 -6.984771 9.523911 7.125767 -6.682028 6.603290 -5.413678 
6.840114 -7.678762 6.603290 9.224219 2.027345 0.437330 8.292184 4.838710 -3.228553 0.542314 
7.658010 9.611194 8.102969 6.830348 -3.727836 -3.626514 4.877163 0.669881 -3.792535 -9.633168 
7.008576 5.416730 -1.887570 7.503586 -6.824244 -4.213080 -4.416944 3.764458 -4.869228 7.430952 
-1.058077 6.356090 6.736961 2.327036 1.559801 7.244789 5.851314 -4.379711 1.841182 9.704581 
-2.806787 -0.469680 -6.003296 8.494827 -5.692007 9.955443 -9.266945 -5.704825 8.759728 -8.605304 
-9.020966 3.026521 4.670248 5.824458 -4.225288 0.675375 6.746117 1.129490 5.456404 4.255196 
-0.105289 4.745323 1.244850 9.522691 8.576006 -1.891842 4.384594 6.077151 -6.002686 -2.438124 
-4.062929 -9.529405 -2.703024 -2.676778 -9.631947 -2.052980 6.815699 0.151677 6.050295 3.440352 
-2.396619 -8.664510 5.798212 -7.543260 1.276589 1.625111 -9.422590 -7.535325 -5.652944 -5.267800 
-0.506302 5.414899 3.160192 5.032197 -0.799890 -7.979675 -6.447645 1.076998 -4.156926 8.421583 
3.366497 0.563066 -7.326579 5.853145 5.936155 -7.637867 6.444594 -6.050905 2.680441 -8.747520 
5.722526 -1.694082 -7.081210 0.965911 4.244209 -7.078768 -0.961028 -8.817103 -7.571947 -1.850337 
