9.992676 9.991455 9.990844 9.988403 9.975585 9.974975 9.974364 9.967040 9.965819 9.962767 
9.959716 9.956664 9.953612 9.949339 9.949339 9.948119 9.945067 9.943236 9.940184 9.937132 
9.935301 9.934080 9.933470 9.931639 9.930418 9.929197 9.928587 9.924924 9.921873 9.920652 
9.918821 9.918210 9.916990 9.914548 9.913938 9.912107 9.911496 9.909665 9.909055 9.909055 
9.906613 9.903562 9.902951 9.898679 9.898068 9.891964 9.886471 9.886471 9.885861 9.884640 
9.883419 9.879147 9.876095 9.873043 9.871212 9.868160 9.866939 9.866329 9.866329 9.864498 
9.862056 9.861446 9.859004 9.859004 9.857784 9.855342 9.853511 9.852901 9.850459 9.849849 
9.845576 9.845576 9.844966 9.844356 9.843745 9.843135 9.841914 9.841304 9.840693 9.840693 
9.840083 9.839473 9.838862 9.838252 9.837642 9.830317 9.827876 9.826655 9.823603 9.823603 
9.823603 9.822993 9.822382 9.822382 9.818720 9.816279 9.815668 9.815058 9.814447 9.810785 
9.809565 9.804682 9.803461 9.801630 9.800409 9.799799 9.796747 9.793085 9.793085 9.793085 
9.792474 9.790643 9.790033 9.788812 9.788202 9.782098 9.779656 9.777825 9.777215 9.772332 
9.766228 9.760125 9.755852 9.754631 9.754021 9.749748 9.749138 9.748527 9.748527 9.739982 
9.739372 9.737541 9.736320 9.732658 9.727775 9.727775 9.727165 9.719840 9.718619 9.718009 
9.716178 9.714957 9.714957 9.713126 9.711905 9.711295 9.711295 9.702750 9.702139 9.700919 
9.699087 9.695425 9.695425 9.694815 9.688101 9.686270 9.686270 9.685049 9.683828 9.683218 
9.681997 9.679556 9.677725 9.665517 9.662465 9.660634 9.659413 9.659413 9.656362 9.653920 
9.653920 9.653310 9.651479 9.650868 9.650258 9.646596 9.645375 9.641102 9.638661 9.632557 
9.624622 9.624012 9.623402 9.622181 9.622181 9.613636 9.608142 9.603870 9.601428 9.600818 
9.599597 9.596545 9.594714 9.592883 9.591052 9.590442 9.590442 9.589221 9.584948 9.583117 
9.581286 9.575793 9.575793 9.575793 9.574572 9.572130 9.571520 9.570299 9.570299 9.569079 
9.568468 9.566637 9.564806 9.564806 9.564196 9.562365 9.560533 9.558702 9.558702 9.555040 
9.551378 9.549547 9.548326 9.544664 9.539171 9.537950 9.537339 9.537339 9.536119 9.536119 
9.525742 9.523911 9.523301 9.523301 9.521470 9.518418 9.517808 9.517197 9.515366 9.509262 
9.506821 9.504379 9.503769 9.503159 9.501328 9.498276 9.492782 9.488510 9.487289 9.481796 
9.478133 9.474471 9.474471 9.464705 9.463485 9.461043 9.459212 9.455550 9.454939 9.453719 
9.448836 9.447615 9.447005 9.445784 9.443342 9.440901 9.439680 9.437849 9.437849 9.437239 
9.436018 9.434797 9.434797 9.432966 9.428083 9.426862 9.426252 9.425642 9.425642 9.422590 
9.420759 9.420148 9.420148 9.415876 9.415876 9.414045 9.410993 9.410993 9.409772 9.404279 
9.402448 9.401227 9.400616 9.399396 9.398175 9.396344 9.392682 9.392071 9.391461 9.387188 
9.386578 9.383526 9.381085 9.380474 9.379864 9.376202 9.373150 9.371929 9.370098 9.369488 
9.368267 9.367046 9.364605 9.364605 9.364605 9.363384 9.357891 9.357280 9.356670 9.354228 
9.351787 9.346904 9.346904 9.345683 9.345683 9.344462 9.342631 9.339579 9.338969 9.334696 
9.331034 9.329203 9.327372 9.326151 9.324320 9.323099 9.322489 9.316996 9.316385 9.316385 
9.314554 9.314554 9.314554 9.310892 9.310892 9.309061 9.305399 9.305399 9.302957 9.301737 
9.298685 9.298685 9.291971 9.290750 9.289529 9.282815 9.280984 9.274880 9.274270 9.273659 
9.270608 9.268777 9.267556 9.267556 9.260231 9.257179 9.256569 9.254128 9.251076 9.249245 
9.248634 9.247414 9.236427 9.232154 9.231544 9.219337 9.219337 9.218726 9.218116 9.215674 
9.212012 9.210181 9.205908 9.201025 9.201025 9.198584 9.185766 9.182104 9.180883 9.180273 
9.176611 9.173559 9.173559 9.172338 9.168065 9.161962 9.158300 9.157079 9.156468 9.154637 
9.152196 9.150365 9.149754 9.149144 9.141820 9.137547 9.134495 9.133885 9.131443 9.130833 
9.124729 9.124729 9.121677 9.120457 9.118015 9.118015 9.116794 9.113132 9.112522 9.111911 
9.108249 9.105197 9.105197 9.104587 9.103366 9.099704 9.099094 9.095431 9.094821 9.094211 
9.094211 9.093600 9.092990 9.088717 9.086276 9.084445 9.083224 9.079562 9.079562 9.078951 
9.078341 9.077731 9.077731 9.075289 9.067965 9.059420 9.053926 9.051485 9.049043 9.046602 
9.046602 9.045991 9.044160 9.044160 9.043550 9.043550 9.042940 9.040498 9.039888 9.038057 
9.038057 9.034394 9.033784 9.028291 9.026460 9.025849 9.023408 9.014863 9.013642 9.013031 
9.013031 9.011811 9.011811 9.011200 9.008759 9.008148 9.001434 8.998993 8.998993 8.992279 
8.991058 8.991058 8.989227 8.989227 8.987396 8.985565 8.984954 8.984954 8.983123 8.981903 
8.971526 8.968474 8.966033 8.959929 8.959319 8.957488 8.956267 8.956267 8.953825 8.951384 
8.950163 8.948332 8.948332 8.946501 8.945280 8.944670 8.942839 8.937956 8.936125 8.936125 
8.933073 8.931242 8.923917 8.921476 8.920255 8.917203 8.914151 8.913541 8.912320 8.911710 
8.911710 8.910489 8.901944 8.898282 8.895840 8.895230 8.891568 8.890957 8.888516 8.886685 
8.886074 8.885464 8.883633 8.879971 8.876308 8.876308 8.865932 8.861049 8.861049 8.859218 
8.859218 8.858608 8.855556 8.854946 8.854335 8.853725 8.853725 8.852504 8.851283 8.847011 
8.845790 8.840297 8.839076 8.836634 8.836634 8.834193 8.831751 8.830531 8.830531 8.829920 
8.829310 8.827479 8.825648 8.825037 8.825037 8.822596 8.817103 8.815271 8.813440 8.811609 
8.810999 8.809778 8.807337 8.806726 8.801843 8.801843 8.801843 8.799402 8.793298 8.791467 
8.790857 8.790246 8.788415 8.787194 8.784143 8.783532 8.782311 8.779260 8.777429 8.776818 
8.775597 8.774377 8.774377 8.774377 8.773156 8.771935 8.770104 8.766442 8.765221 8.764000 
8.762169 8.759728 8.759117 8.758507 8.753624 8.752403 8.750572 8.749351 8.749351 8.748741 
8.747520 8.746910 8.745079 8.742637 8.740806 8.738975 8.736534 8.734703 8.732871 8.732871 
8.732261 8.730430 8.729209 8.727378 8.724937 8.722495 8.720664 8.720054 8.720054 8.718833 
8.718223 8.715781 8.715781 8.712729 8.710898 8.710898 8.710898 8.709677 8.709067 8.706626 
8.698691 8.696860 8.696249 8.694418 8.694418 8.694418 8.693808 8.687094 8.685873 8.685263 
8.684042 8.684042 8.682821 8.674886 8.673666 8.671834 8.669393 8.668172 8.666341 8.665120 
8.665120 8.664510 8.655354 8.654134 8.649861 8.649861 8.645589 8.643147 8.638874 8.638874 
8.637043 8.635823 8.635823 8.634602 8.630940 8.630329 8.629109 8.629109 8.627277 8.623615 
8.623005 8.621174 8.619953 8.619343 8.618122 8.613239 8.610187 8.610187 8.607135 8.601642 
8.601032 8.597369 8.590045 8.590045 8.589434 8.588214 8.585772 8.576006 8.574175 8.573565 
8.572954 8.572344 8.568072 8.567461 8.562578 8.560137 8.560137 8.558916 8.558306 8.557695 
8.556475 8.554643 8.554033 8.552812 8.551592 8.551592 8.551592 8.550981 8.549150 8.549150 
8.548540 8.548540 8.547319 8.547319 8.542436 8.541215 8.539995 8.539384 8.538774 8.538774 
8.533280 8.531449 8.528397 8.526566 8.524735 8.521073 8.519242 8.518021 8.516800 8.514969 
8.513138 8.512528 8.508866 8.508255 8.508255 8.506424 8.505814 8.500931 8.499710 8.492996 
8.487503 8.483840 8.483840 8.474075 8.473464 8.471633 8.469192 8.463698 8.463088 8.462477 
8.461867 8.461867 8.460036 8.459426 8.458815 8.458205 8.457595 8.454543 8.451491 8.445997 
8.444777 8.442946 8.442335 8.441725 8.436842 8.436842 8.435621 8.435011 8.430738 8.430128 
8.427686 8.427686 8.425855 8.423414 8.419141 8.418531 8.417310 8.413648 8.411817 8.411817 
8.407544 8.406323 8.405713 8.399609 8.397168 8.395337 8.395337 8.392895 8.392895 8.391675 
8.388012 8.382519 8.380688 8.378246 8.375195 8.374584 8.373363 8.371532 8.369701 8.369701 
8.367870 8.364818 8.362987 8.361766 8.361156 8.360546 8.358104 8.355052 8.354442 8.352000 
8.350780 8.350169 8.348949 8.348338 8.344066 8.342235 8.339793 8.337962 8.336741 8.334910 
8.333079 8.331248 8.324534 8.319040 8.317209 8.315989 8.313547 8.312937 8.303781 8.302561 
8.301950 8.298288 8.297678 8.295846 8.292795 8.291574 8.290963 8.278756 8.275704 8.275094 
8.273263 8.271432 8.269601 8.268990 8.268380 8.267159 8.258614 8.255562 8.251900 8.250679 
8.250069 8.249458 8.248848 8.247017 8.247017 8.245796 8.245796 8.245186 8.244575 8.240303 
8.238472 8.237861 8.237861 8.236641 8.236030 8.234809 8.234199 8.233589 8.231147 8.230537 
8.225654 8.222602 8.218940 8.217719 8.216498 8.214667 8.214057 8.212836 8.211615 8.209784 
8.208563 8.203681 8.198187 8.192694 8.190252 8.190252 8.190252 8.187201 8.186590 8.184149 
8.184149 8.181707 8.176214 8.174993 8.168889 8.167669 8.166448 8.166448 8.163396 8.163396 
8.162786 8.160955 8.160344 8.157292 8.147526 8.147526 8.145695 8.145085 8.142644 8.140812 
8.140202 8.138981 8.138371 8.132878 8.132878 8.131657 8.130436 8.127995 8.126164 8.124943 
8.124943 8.123722 8.123112 8.122501 8.118839 8.116398 8.110904 8.107852 8.106632 8.097476 
8.096255 8.095645 8.092593 8.091983 8.088931 8.088321 8.087100 8.085879 8.084048 8.080996 
8.078555 8.077334 8.076724 8.075503 8.073061 8.072451 8.064516 8.062685 8.061464 8.060854 
8.054750 8.054140 8.054140 8.053529 8.053529 8.046205 8.044984 8.039491 8.039491 8.039491 
8.038881 8.037660 8.035829 8.033998 8.032777 8.027894 8.027284 8.026063 8.024842 8.024842 
8.021180 8.013245 8.012024 8.010193 8.005921 7.998596 7.995544 7.993713 7.987609 7.986999 
7.981506 7.977844 7.977233 7.976623 7.975402 7.969298 7.968688 7.968078 7.966857 7.962584 
7.962584 7.958922 7.955260 7.955260 7.954039 7.952818 7.952818 7.952208 7.949767 7.947325 
7.947325 7.946715 7.946104 7.945494 7.939390 7.936949 7.936338 7.934507 7.931455 7.930235 
7.927183 7.923521 7.921690 7.919248 7.919248 7.916807 7.913755 7.912534 7.911924 7.910703 
7.910703 7.910092 7.906430 7.903989 7.902158 7.899716 7.897275 7.894833 7.894223 7.893002 
7.890561 7.890561 7.889340 7.888730 7.886898 7.883236 7.880184 7.878964 7.877743 7.869808 
7.868587 7.867977 7.867367 7.864315 7.864315 7.856380 7.856380 7.853328 7.851497 7.851497 
7.843562 7.842341 7.839900 7.838679 7.834407 7.830134 7.829524 7.828303 7.827082 7.822810 
7.820978 7.820978 7.818537 7.817316 7.816095 7.811823 7.809992 7.809381 7.806330 7.805719 
7.805109 7.800836 7.794122 7.792901 7.792291 7.789239 7.784967 7.784967 7.784356 7.784356 
7.783746 7.781915 7.773980 7.773370 7.769097 7.767876 7.761162 7.754448 7.753838 7.745903 
7.745293 7.745293 7.742851 7.739799 7.739189 7.737358 7.737358 7.730644 7.730644 7.730644 
7.723930 7.722098 7.720267 7.719657 7.714774 7.712333 7.711112 7.710501 7.708670 7.706229 
7.704398 7.703177 7.703177 7.701346 7.701346 7.700735 7.698904 7.694632 7.694632 7.694021 
7.686697 7.686697 7.686087 7.685476 7.685476 7.683645 7.682424 7.681204 7.678762 7.670217 
7.668996 7.668386 7.667776 7.664724 7.664724 7.664113 7.659841 7.654347 7.653737 7.653737 
7.650075 7.647023 7.643971 7.643971 7.643971 7.642140 7.639088 7.637867 7.629933 7.628712 
7.621998 7.620777 7.619556 7.618946 7.617725 7.612232 7.610401 7.607959 7.607349 7.603076 
7.597583 7.594531 7.592700 7.592090 7.589038 7.585986 7.578661 7.577441 7.574389 7.574389 
7.571337 7.569506 7.568896 7.568896 7.564013 7.562792 7.561571 7.561571 7.556688 7.556078 
7.554857 7.554857 7.554247 7.553636 7.552416 7.550584 7.549974 7.548753 7.548753 7.548143 
7.546922 7.545091 7.537767 7.537156 7.537156 7.536546 7.534715 7.533494 7.529221 7.528611 
7.526780 7.524949 7.523728 7.522507 7.520676 7.520066 7.518235 7.515793 7.512741 7.512131 
7.506638 7.506638 7.500534 7.500534 7.499924 7.496261 7.495041 7.493210 7.493210 7.492599 
7.488937 7.487716 7.484664 7.482833 7.482833 7.482223 7.482223 7.477950 7.477340 7.474899 
7.473678 7.471236 7.470626 7.470016 7.468795 7.468184 7.460250 7.458419 7.454756 7.454146 
7.453536 7.449873 7.448653 7.448042 7.448042 7.446211 7.443159 7.441939 7.440718 7.436445 
7.435835 7.434614 7.433393 7.432783 7.431562 7.430952 7.427290 7.423017 7.421186 7.420576 
7.420576 7.419965 7.419355 7.417524 7.416913 7.413862 7.413862 7.412641 7.410199 7.408368 
7.406537 7.405927 7.405927 7.405316 7.398602 7.397992 7.394940 7.394330 7.394330 7.393719 
7.391278 7.390667 7.390057 7.385784 7.384564 7.381512 7.376629 7.376629 7.374798 7.372967 
7.372967 7.369915 7.366253 7.365642 7.363811 7.359539 7.353435 7.352214 7.347942 7.347942 
7.347331 7.343059 7.341838 7.340617 7.340007 7.340007 7.337565 7.335124 7.334513 7.328410 
7.325968 7.323527 7.322916 7.322306 7.319864 7.319254 7.317423 7.310709 7.310099 7.310099 
7.303995 7.300943 7.300943 7.300943 7.296670 7.293619 7.293619 7.288125 7.287515 7.285073 
7.277749 7.275307 7.274697 7.273476 7.270425 7.269814 7.264321 7.263100 7.261269 7.258827 
7.258217 7.256996 7.255776 7.254555 7.254555 7.251503 7.250893 7.249062 7.247230 7.244789 
7.244789 7.244179 7.240516 7.235633 7.231361 7.224647 7.222205 7.221595 7.218543 7.218543 
7.216712 7.216102 7.213660 7.212439 7.210608 7.210608 7.195349 7.192907 7.189245 7.187414 
7.186804 7.184362 7.183752 7.183142 7.181921 7.179479 7.170934 7.170324 7.169713 7.168493 
7.167272 7.165441 7.164830 7.159948 7.159948 7.159337 7.158727 7.152623 7.152623 7.146519 
7.145909 7.145299 7.144078 7.141026 7.139195 7.136753 7.134312 7.133091 7.132481 7.129429 
7.126988 7.125767 7.124546 7.122715 7.119053 7.118442 7.117832 7.116001 7.116001 7.114780 
7.112949 7.112339 7.110508 7.109897 7.109287 7.109287 7.106235 7.105014 7.102573 7.100742 
7.100131 7.098910 7.098300 7.096469 7.092196 7.089145 7.084262 7.083651 7.081820 7.079989 
7.079379 7.076327 7.073885 7.073275 7.072665 7.070223 7.067782 7.065950 7.065950 7.059847 
7.059847 7.057405 7.056185 7.053743 7.053133 7.051912 7.043977 7.042756 7.042146 7.040925 
7.036653 7.036653 7.036653 7.030549 7.029328 7.026276 7.025056 7.024445 7.023225 7.022614 
7.019562 7.017731 7.015900 7.014069 7.014069 7.011628 7.011017 7.007965 7.006745 7.006745 
7.006134 7.004303 7.001862 7.001251 6.996368 6.995148 6.994537 6.993316 6.990875 6.990265 
6.989654 6.989044 6.988433 6.987213 6.986602 6.984771 6.983551 6.979278 6.978057 6.977447 
6.976836 6.970733 6.970122 6.970122 6.970122 6.968291 6.968291 6.967681 6.959136 6.957915 
6.957915 6.954253 6.953032 6.952422 6.951201 6.944487 6.944487 6.944487 6.943266 6.942045 
6.940825 6.940825 6.939604 6.939604 6.938993 6.935331 6.934111 6.926786 6.926176 6.926176 
6.924345 6.923734 6.922514 6.918241 6.917020 6.915189 6.913968 6.912137 6.909696 6.909085 
6.907865 6.904813 6.901761 6.901761 6.900540 6.896878 6.896878 6.896268 6.896268 6.893216 
6.888333 6.884671 6.883450 6.882839 6.876736 6.876736 6.871853 6.871242 6.869411 6.867580 
6.866970 6.865749 6.865749 6.865139 6.863308 6.863308 6.857814 6.857204 6.854152 6.853542 
6.853542 6.848048 6.845607 6.843776 6.843165 6.841945 6.841945 6.841945 6.840724 6.838893 
6.838893 6.838282 6.837062 6.835231 6.834620 6.833399 6.831568 6.828516 6.827296 6.826075 
6.822413 6.821802 6.819361 6.818140 6.818140 6.815088 6.810205 6.804102 6.799219 6.796777 
6.795557 6.795557 6.794946 6.794336 6.793115 6.787622 6.787622 6.782739 6.780908 6.777245 
6.776025 6.774194 6.772362 6.771752 6.771142 6.770531 6.768090 6.767479 6.765648 6.760155 
6.756493 6.752831 6.752220 6.750389 6.750389 6.749168 6.749168 6.749168 6.747948 6.747948 
6.747337 6.740623 6.740623 6.736961 6.733909 6.732688 6.729026 6.727805 6.725974 6.724754 
6.724754 6.724143 6.724143 6.723533 6.721702 6.721702 6.718650 6.716819 6.712546 6.711936 
6.709494 6.709494 6.708274 6.704001 6.702780 6.702170 6.699118 6.690573 6.688742 6.688742 
6.688131 6.686911 6.686300 6.685690 6.684469 6.683859 6.683248 6.682638 6.682028 6.680807 
6.675924 6.675924 6.674093 6.672262 6.671651 6.651509 6.651509 6.650899 6.650288 6.646016 
6.642964 6.640522 6.639912 6.639302 6.638691 6.633198 6.631977 6.620380 6.620380 6.618549 
6.613056 6.608173 6.606342 6.604511 6.604511 6.602069 6.599628 6.598407 6.597797 6.597797 
6.597797 6.596576 6.595355 6.594134 6.593524 6.592303 6.591082 6.591082 6.589862 6.586810 
6.586810 6.584368 6.583758 6.581927 6.580706 6.580706 6.573992 6.571551 6.569720 6.566668 
6.566668 6.566057 6.565447 6.564837 6.564226 6.564226 6.564226 6.561785 6.561785 6.560564 
6.558123 6.556291 6.555071 6.554460 6.553850 6.548967 6.542863 6.542253 6.541643 6.539811 
6.539201 6.537980 6.535539 6.530656 6.530045 6.526383 6.522111 6.521500 6.521500 6.521500 
6.518448 6.514176 6.511124 6.510514 6.509903 6.507462 6.506851 6.506241 6.506241 6.502579 
6.498306 6.497696 6.497085 6.494034 6.490982 6.490371 6.489151 6.487930 6.486709 6.484878 
6.484878 6.478164 6.477554 6.476943 6.475112 6.473281 6.469619 6.467788 6.462905 6.462294 
6.457411 6.457411 6.452528 6.451918 6.450697 6.448866 6.448866 6.448256 6.447035 6.445814 
6.441542 6.439100 6.434217 6.431166 6.429334 6.428114 6.428114 6.426893 6.422010 6.421400 
6.420179 6.413465 6.411023 6.409803 6.406751 6.404309 6.393933 6.392102 6.386608 6.385998 
6.383557 6.383557 6.377453 6.374401 6.374401 6.374401 6.373791 6.373791 6.373180 6.373180 
6.369518 6.367077 6.359142 6.357311 6.350597 6.350597 6.342662 6.341441 6.341441 6.339000 
6.338389 6.338389 6.334727 6.333506 6.324351 6.323740 6.321909 6.321299 6.321299 6.319468 
6.317637 6.316416 6.313364 6.308481 6.304209 6.301767 6.298715 6.292001 6.291391 6.288949 
6.281625 6.281014 6.277352 6.273080 6.271859 6.271859 6.268197 6.265145 6.259041 6.259041 
6.257210 6.255989 6.255989 6.251717 6.249886 6.247444 6.245613 6.242561 6.238289 6.237678 
6.237678 6.235237 6.232185 6.230964 6.230354 6.224860 6.223029 6.218757 6.216926 6.210211 
6.209601 6.205939 6.205939 6.204718 6.199835 6.199225 6.198614 6.198004 6.197394 6.197394 
6.196783 6.196173 6.195563 6.194952 6.194952 6.190069 6.189459 6.188238 6.183355 6.179693 
6.179693 6.179693 6.177862 6.177252 6.169927 6.169317 6.166265 6.165044 6.164434 6.160161 
6.158940 6.155889 6.152226 6.150395 6.145512 6.142460 6.141850 6.141850 6.140019 6.138188 
6.138188 6.137577 6.137577 6.136967 6.135746 6.131474 6.131474 6.129643 6.125370 6.122318 
6.121097 6.119266 6.119266 6.116214 6.116214 6.115604 6.112552 6.111332 6.110111 6.109500 
6.108890 6.108280 6.107669 6.107059 6.098514 6.097293 6.096683 6.096072 6.091189 6.088748 
6.086306 6.085696 6.082034 6.078372 6.077761 6.077761 6.076540 6.074709 6.072878 6.072268 
6.071047 6.067995 6.066164 6.065554 6.063112 6.060060 6.058840 6.058840 6.054567 6.052736 
6.052126 6.051515 6.051515 6.044191 6.042970 6.041749 6.041139 6.039918 6.037477 6.036866 
6.033204 6.031373 6.030763 6.029542 6.029542 6.028932 6.025269 6.024659 6.023438 6.022828 
6.020997 6.020386 6.018555 6.014893 6.014283 6.014283 6.013062 6.012452 6.012452 6.011841 
6.011231 6.009400 6.008179 6.005737 6.002075 6.000244 5.999023 5.997803 5.996582 5.992920 
5.988647 5.984985 5.981323 5.977050 5.976440 5.975829 5.973998 5.972167 5.970946 5.970946 
5.969115 5.968505 5.966674 5.955687 5.952025 5.949583 5.946532 5.946532 5.946532 5.945311 
5.945311 5.944090 5.942869 5.942259 5.942259 5.933103 5.931883 5.930662 5.928831 5.927610 
5.926389 5.924558 5.924558 5.920896 5.920896 5.917844 5.916623 5.914792 5.913572 5.913572 
5.913572 5.907468 5.907468 5.904416 5.904416 5.903806 5.903195 5.898312 5.897092 5.895871 
5.895871 5.895260 5.887326 5.885495 5.881222 5.880612 5.877560 5.875729 5.873287 5.872066 
5.867794 5.865352 5.864132 5.863521 5.856197 5.855586 5.853755 5.851314 5.845210 5.842158 
5.836665 5.836055 5.836055 5.836055 5.835444 5.834223 5.831172 5.829951 5.828730 5.826899 
5.824458 5.823847 5.823847 5.820795 5.819575 5.817743 5.816523 5.812860 5.809809 5.809198 
5.805536 5.804926 5.803095 5.803095 5.802484 5.801874 5.800653 5.800653 5.800043 5.799432 
5.795770 5.792718 5.790277 5.784783 5.779901 5.779901 5.776238 5.775628 5.775018 5.774407 
5.774407 5.774407 5.773797 5.770135 5.770135 5.768303 5.767693 5.767083 5.757317 5.756096 
5.756096 5.750603 5.748772 5.748772 5.748161 5.748161 5.746941 5.746941 5.744499 5.734123 
5.731681 5.730461 5.730461 5.728629 5.726188 5.721915 5.720695 5.717643 5.717032 5.716422 
5.713981 5.712760 5.712149 5.712149 5.707266 5.706046 5.692618 5.690786 5.690176 5.688345 
5.683462 5.682852 5.681021 5.678579 5.676138 5.674306 5.671865 5.669424 5.668203 5.665151 
5.662709 5.660878 5.659047 5.658437 5.655995 5.654164 5.651723 5.651723 5.650502 5.644398 
5.643788 5.643788 5.640736 5.640736 5.634022 5.633412 5.632801 5.630360 5.627308 5.624866 
5.623646 5.621815 5.621204 5.620594 5.618763 5.617542 5.616932 5.616321 5.612049 5.611438 
5.608997 5.605945 5.605335 5.604724 5.602893 5.602283 5.602283 5.594958 5.592517 5.590686 
5.584582 5.583972 5.583361 5.582141 5.581530 5.576647 5.575426 5.573595 5.573595 5.573595 
5.572985 5.569933 5.567492 5.563829 5.563219 5.561998 5.561388 5.560778 5.557726 5.553453 
5.552843 5.549791 5.549791 5.546739 5.539415 5.537584 5.536973 5.534532 5.533921 5.533921 
5.533311 5.532090 5.530259 5.525987 5.525376 5.525376 5.524155 5.519272 5.516831 5.511948 
5.509507 5.507065 5.504624 5.503403 5.502792 5.499741 5.499130 5.496689 5.496078 5.495468 
5.490585 5.489975 5.488754 5.488754 5.486923 5.486312 5.483261 5.479598 5.479598 5.478988 
5.474105 5.469832 5.464949 5.464339 5.460677 5.458846 5.453963 5.453963 5.452742 5.449690 
5.448469 5.445418 5.441755 5.437483 5.436262 5.434431 5.431990 5.430769 5.427107 5.426496 
5.425275 5.425275 5.422224 5.421613 5.421003 5.418561 5.416730 5.414289 5.413068 5.409406 
5.407575 5.405133 5.405133 5.403912 5.402692 5.400250 5.398419 5.397809 5.397809 5.393536 
5.393536 5.392926 5.392315 5.392315 5.391705 5.391095 5.390484 5.389874 5.389264 5.386822 
5.384381 5.384381 5.368511 5.368511 5.368511 5.364849 5.362407 5.358745 5.354472 5.353862 
5.351421 5.350810 5.347758 5.347758 5.346538 5.343486 5.340434 5.337382 5.335551 5.329447 
5.328837 5.327616 5.323344 5.320902 5.317240 5.317240 5.316630 5.316019 5.314798 5.311747 
5.311136 5.305643 5.303812 5.303812 5.300150 5.298929 5.296487 5.296487 5.295877 5.292215 
5.290384 5.288553 5.286721 5.280618 5.280007 5.278787 5.278176 5.277566 5.274514 5.269021 
5.265969 5.265358 5.264748 5.264138 5.263527 5.262307 5.259255 5.258034 5.257424 5.250710 
5.248878 5.246437 5.245827 5.241554 5.241554 5.237281 5.236671 5.234840 5.233009 5.232398 
5.230567 5.229347 5.228126 5.225684 5.218360 5.216529 5.215308 5.214087 5.212256 5.211646 
5.210425 5.210425 5.206153 5.206153 5.205542 5.204932 5.199438 5.198218 5.196997 5.195776 
5.194555 5.193945 5.193945 5.187841 5.187231 5.184790 5.184179 5.182958 5.179907 5.179907 
5.177465 5.176855 5.175634 5.175634 5.175634 5.170751 5.168920 5.167699 5.167699 5.165258 
5.164647 5.163427 5.160985 5.160375 5.157323 5.156713 5.154881 5.154881 5.153661 5.150609 
5.149388 5.148778 5.145116 5.144505 5.143284 5.137791 5.135350 5.135350 5.134129 5.131687 
5.129246 5.125584 5.123753 5.123753 5.122532 5.122532 5.121921 5.115207 5.112766 5.112156 
5.110324 5.108493 5.107273 5.102390 5.100558 5.098727 5.098117 5.094455 5.093234 5.091403 
5.088351 5.087130 5.081637 5.081637 5.081027 5.076144 5.073702 5.070650 5.068819 5.064547 
5.064547 5.062105 5.060884 5.048067 5.046236 5.045625 5.044404 5.043794 5.043794 5.032807 
5.029756 5.029145 5.028535 5.024873 5.023041 5.022431 5.018769 5.017548 5.016938 5.015717 
5.014496 5.008393 5.006561 5.001679 5.000458 4.999847 4.998627 4.998627 4.997406 4.996796 
4.996185 4.993133 4.991302 4.990692 4.987030 4.983978 4.982147 4.980316 4.978484 4.978484 
4.976043 4.974822 4.974822 4.974212 4.972991 4.968719 4.967498 4.965056 4.963836 4.963836 
4.958342 4.957732 4.957121 4.955290 4.952239 4.950407 4.950407 4.946135 4.943693 4.943693 
4.941862 4.941252 4.939421 4.938200 4.937590 4.934538 4.934538 4.934538 4.931486 4.927824 
4.921720 4.919889 4.918668 4.915006 4.908292 4.907071 4.905850 4.905240 4.902188 4.900357 
4.897305 4.893643 4.884487 4.884487 4.883267 4.882656 4.878994 4.875942 4.874722 4.869839 
4.866787 4.866787 4.864345 4.862514 4.861293 4.858242 4.853969 4.853359 4.850917 4.847865 
4.847255 4.846644 4.846034 4.844813 4.844203 4.844203 4.841762 4.841762 4.841762 4.838710 
4.830775 4.826502 4.822840 4.822230 4.820399 4.814905 4.813684 4.810022 4.804529 4.800256 
4.799646 4.797815 4.797815 4.796594 4.793542 4.789270 4.782556 4.782556 4.781945 4.781335 
4.779504 4.778893 4.776452 4.775842 4.774621 4.774010 4.774010 4.772790 4.767296 4.765465 
4.765465 4.762413 4.761193 4.760582 4.760582 4.759362 4.759362 4.757530 4.757530 4.755089 
4.752647 4.752037 4.750816 4.748985 4.740440 4.739830 4.737999 4.737388 4.734947 4.733726 
4.731895 4.731285 4.731285 4.728843 4.727012 4.721519 4.720298 4.718467 4.717246 4.716025 
4.716025 4.716025 4.715415 4.713584 4.712363 4.710532 4.710532 4.710532 4.708701 4.708090 
4.705649 4.705039 4.703818 4.695883 4.695273 4.694662 4.693442 4.691610 4.690390 4.690390 
4.689169 4.687948 4.685507 4.685507 4.684286 4.683065 4.681845 4.678182 4.678182 4.677572 
4.675741 4.675741 4.672689 4.671468 4.670858 4.669637 4.669027 4.669027 4.668416 4.667196 
4.667196 4.664144 4.663533 4.662923 4.662923 4.661702 4.661702 4.656819 4.655599 4.653768 
4.651936 4.649495 4.647664 4.646443 4.641560 4.637898 4.636067 4.633625 4.633015 4.631184 
4.629963 4.627522 4.627522 4.626911 4.625690 4.625690 4.623859 4.623249 4.621418 4.620197 
4.614093 4.612262 4.611042 4.604328 4.603107 4.601886 4.601886 4.600055 4.599445 4.598224 
4.598224 4.596393 4.592120 4.590289 4.588458 4.587848 4.584796 4.582354 4.578082 4.576861 
4.571368 4.571368 4.571368 4.570147 4.568926 4.562212 4.559160 4.557939 4.556108 4.555498 
4.555498 4.554277 4.553056 4.553056 4.551225 4.549394 4.548173 4.545732 4.545122 4.537187 
4.535966 4.534745 4.528642 4.528031 4.524979 4.523759 4.523148 4.522538 4.522538 4.520096 
4.518876 4.517655 4.517045 4.510941 4.510331 4.501175 4.500565 4.498733 4.496292 4.495682 
4.492019 4.488357 4.486526 4.486526 4.481643 4.480422 4.476760 4.476760 4.474319 4.470046 
4.464553 4.463332 4.463332 4.460891 4.457839 4.452345 4.450514 4.447462 4.445021 4.444411 
4.444411 4.440138 4.439528 4.436476 4.435865 4.434645 4.432814 4.432814 4.429151 4.425489 
4.423048 4.423048 4.419996 4.413282 4.413282 4.412671 4.412061 4.409619 4.408399 4.404126 
4.403516 4.403516 4.402295 4.401685 4.397412 4.397412 4.396191 4.391308 4.391308 4.385815 
4.385815 4.382153 4.379101 4.375439 4.374828 4.374828 4.374218 4.369945 4.368114 4.366894 
4.363842 4.356517 4.354686 4.352245 4.348582 4.346751 4.343089 4.340648 4.338206 4.332102 
4.332102 4.325999 4.325999 4.318064 4.315012 4.313181 4.312571 4.311350 4.308908 4.307688 
4.305857 4.303415 4.303415 4.301584 4.299753 4.298532 4.294870 4.294259 4.293649 4.293039 
4.293039 4.291818 4.290597 4.289377 4.286935 4.285104 4.285104 4.284494 4.283883 4.282662 
4.282662 4.281442 4.280221 4.277779 4.274728 4.274117 4.273507 4.270455 4.269845 4.267403 
4.266793 4.266793 4.266182 4.263741 4.263131 4.261910 4.256417 4.252754 4.252754 4.252144 
4.250923 4.249702 4.249702 4.248482 4.246651 4.244819 4.244819 4.239937 4.239326 4.236274 
4.234443 4.234443 4.229560 4.225898 4.221015 4.221015 4.219184 4.218574 4.217963 4.214911 
4.213691 4.208197 4.203925 4.202704 4.198431 4.197211 4.196600 4.194159 4.194159 4.192938 
4.191107 4.189276 4.188665 4.188665 4.186834 4.186834 4.184393 4.183172 4.182562 4.181951 
4.180120 4.178289 4.177679 4.175848 4.170354 4.168523 4.152654 4.152043 4.151433 4.150212 
4.148381 4.145329 4.144719 4.144108 4.143498 4.143498 4.142888 4.140446 4.139836 4.139225 
4.138615 4.138005 4.137394 4.137394 4.136174 4.134342 4.133122 4.130070 4.129460 4.126408 
4.125187 4.123966 4.121525 4.119083 4.117862 4.115421 4.114811 4.113590 4.112980 4.101382 
4.092837 4.092227 4.091006 4.091006 4.090396 4.090396 4.087954 4.086123 4.084292 4.082461 
4.082461 4.080630 4.080630 4.075137 4.074526 4.074526 4.073305 4.066591 4.064150 4.061708 
4.059267 4.058046 4.053774 4.051943 4.050111 4.049501 4.048891 4.047060 4.039125 4.037904 
4.036683 4.035463 4.033631 4.033021 4.024476 4.022034 4.016541 4.016541 4.014710 4.014100 
4.012268 4.009217 4.008606 4.008606 4.008606 4.007385 4.006775 4.006775 4.005554 4.003723 
4.003113 3.995788 3.995788 3.995178 3.992737 3.984802 3.978698 3.976867 3.976257 3.969543 
3.968932 3.964049 3.964049 3.958556 3.956114 3.956114 3.954283 3.953673 3.951842 3.948790 
3.944517 3.940245 3.938414 3.937803 3.934141 3.932920 3.931089 3.929868 3.929258 3.929258 
3.928648 3.926206 3.924986 3.923765 3.922544 3.921323 3.919492 3.918882 3.915830 3.915220 
3.909726 3.907285 3.901791 3.901181 3.897519 3.897519 3.896908 3.891415 3.890805 3.890805 
3.888974 3.888363 3.885922 3.884091 3.879208 3.876766 3.876156 3.874935 3.874935 3.872494 
3.867611 3.865169 3.864559 3.859676 3.857845 3.852962 3.845027 3.843806 3.841975 3.837703 
3.832820 3.828547 3.828547 3.828547 3.821223 3.820002 3.820002 3.816950 3.815729 3.815119 
3.813288 3.812677 3.812677 3.810236 3.808405 3.805353 3.802911 3.802911 3.801691 3.800470 
3.799860 3.797418 3.795587 3.794366 3.794366 3.793756 3.793756 3.791925 3.789483 3.788873 
3.785211 3.783990 3.782769 3.779717 3.777886 3.777276 3.771783 3.771172 3.770562 3.769341 
3.768120 3.766900 3.766289 3.765679 3.765069 3.764458 3.763848 3.761406 3.758354 3.757744 
3.757744 3.756523 3.755303 3.754082 3.754082 3.752861 3.752251 3.752251 3.751640 3.751030 
3.750420 3.744926 3.744316 3.743706 3.742485 3.740654 3.739433 3.738212 3.736381 3.735771 
3.733329 3.733329 3.732109 3.729667 3.727836 3.726615 3.726005 3.724174 3.724174 3.724174 
3.722953 3.722343 3.721732 3.721122 3.720511 3.719291 3.715629 3.715629 3.713797 3.713187 
3.711356 3.710135 3.709525 3.708914 3.707083 3.705863 3.705863 3.704642 3.704031 3.701590 
3.699759 3.697928 3.697928 3.697317 3.696707 3.695486 3.693655 3.691824 3.691214 3.689383 
3.680837 3.679006 3.677175 3.672292 3.671682 3.668020 3.666799 3.660695 3.650319 3.649709 
3.648488 3.647877 3.643605 3.642384 3.641163 3.630787 3.627735 3.624073 3.620411 3.620411 
3.619190 3.618580 3.615528 3.614917 3.610034 3.608203 3.602710 3.599048 3.598437 3.598437 
3.597217 3.596606 3.594775 3.593554 3.580737 3.580126 3.574633 3.570360 3.570360 3.568529 
3.560595 3.557543 3.556322 3.556322 3.551439 3.550829 3.542283 3.540452 3.532517 3.531297 
3.530686 3.530076 3.527635 3.525803 3.523972 3.521531 3.520920 3.517869 3.517258 3.516037 
3.514817 3.509934 3.501999 3.501389 3.497116 3.488571 3.484298 3.483688 3.483077 3.483077 
3.482467 3.481857 3.480026 3.476974 3.475143 3.473922 3.469039 3.468429 3.466597 3.465377 
3.464766 3.464766 3.461715 3.461104 3.458663 3.456832 3.456832 3.455000 3.454390 3.453169 
3.451949 3.451338 3.447676 3.446455 3.446455 3.439741 3.437300 3.436689 3.436079 3.434248 
3.434248 3.433638 3.428755 3.424482 3.424482 3.418378 3.415326 3.413495 3.413495 3.410443 
3.408002 3.406171 3.402509 3.401898 3.401898 3.399457 3.398846 3.398846 3.397015 3.393963 
3.388470 3.387249 3.387249 3.386029 3.384808 3.384198 3.379315 3.378704 3.378094 3.378094 
3.377483 3.376873 3.375652 3.375042 3.373211 3.367718 3.366497 3.365886 3.362224 3.362224 
3.361003 3.359783 3.358562 3.353069 3.351848 3.351238 3.350017 3.350017 3.347575 3.344523 
3.344523 3.343913 3.342692 3.340861 3.339030 3.329875 3.327433 3.326212 3.324381 3.324381 
3.323160 3.322550 3.318278 3.317057 3.317057 3.314005 3.308512 3.303629 3.302408 3.302408 
3.301187 3.300577 3.297525 3.288980 3.287149 3.284707 3.284097 3.284097 3.282876 3.281045 
3.279824 3.274941 3.273110 3.271279 3.268838 3.268838 3.257241 3.256630 3.256020 3.254189 
3.254189 3.253578 3.247475 3.245643 3.244423 3.242592 3.240761 3.240150 3.236488 3.235878 
3.234657 3.232826 3.231605 3.230384 3.229774 3.228553 3.228553 3.226722 3.224891 3.224891 
3.221229 3.217566 3.215735 3.213294 3.210242 3.205359 3.202918 3.202307 3.200476 3.199866 
3.197424 3.197424 3.191931 3.187658 3.187048 3.186438 3.182165 3.181555 3.179724 3.178503 
3.176672 3.173009 3.168737 3.166295 3.164464 3.163244 3.161412 3.159581 3.159581 3.155309 
3.153478 3.149815 3.149815 3.149205 3.147984 3.147374 3.135777 3.133335 3.132725 3.130284 
3.127842 3.124790 3.123569 3.119907 3.119907 3.117466 3.117466 3.116245 3.113804 3.109531 
3.106479 3.101596 3.100986 3.091830 3.090609 3.088778 3.088168 3.088168 3.087558 3.086947 
3.086337 3.085116 3.076571 3.075961 3.073519 3.071688 3.071688 3.068026 3.067415 3.066805 
3.066195 3.066195 3.064364 3.063143 3.063143 3.061312 3.060701 3.059481 3.058870 3.057649 
3.055818 3.055818 3.053987 3.050935 3.049715 3.049715 3.049104 3.049104 3.047884 3.047273 
3.045442 3.044832 3.041169 3.032624 3.032014 3.022858 3.022248 3.020417 3.019196 3.010651 
3.006989 3.006378 2.999054 2.996002 2.996002 2.994171 2.994171 2.991119 2.991119 2.990509 
2.988067 2.985015 2.983184 2.982574 2.981964 2.980132 2.978301 2.975249 2.963042 2.958769 
2.956938 2.956328 2.955107 2.955107 2.954497 2.952666 2.951445 2.945952 2.945952 2.945952 
2.943510 2.943510 2.941679 2.937407 2.934965 2.928861 2.925810 2.924589 2.924589 2.922147 
2.922147 2.919706 2.914212 2.911771 2.902615 2.902615 2.902615 2.897122 2.896512 2.892239 
2.891629 2.887967 2.880642 2.878811 2.878811 2.877590 2.876370 2.875149 2.873928 2.872097 
2.868435 2.867214 2.866604 2.862941 2.862331 2.860500 2.860500 2.860500 2.860500 2.856227 
2.848292 2.845851 2.843410 2.842189 2.840358 2.839747 2.839747 2.836695 2.835475 2.830592 
2.829371 2.825709 2.824488 2.824488 2.822047 2.820215 2.813501 2.806787 2.803735 2.803735 
2.798853 2.798242 2.795801 2.795190 2.793970 2.792138 2.790307 2.786035 2.785424 2.782983 
2.781762 2.781762 2.781152 2.779931 2.779931 2.775658 2.769555 2.768334 2.767113 2.766503 
2.760399 2.757958 2.750633 2.750633 2.745140 2.745140 2.744530 2.737205 2.735984 2.735374 
2.734764 2.734764 2.723167 2.722556 2.720115 2.719504 2.718284 2.717673 2.717673 2.716453 
2.715842 2.714011 2.713401 2.710349 2.708518 2.707907 2.706687 2.706076 2.705466 2.698752 
2.696921 2.695700 2.695700 2.693258 2.692648 2.692038 2.686544 2.683493 2.678610 2.677999 
2.672506 2.671285 2.669454 2.669454 2.661519 2.660298 2.659078 2.657247 2.656026 2.656026 
2.654195 2.652974 2.651753 2.649922 2.643818 2.642598 2.642598 2.637104 2.635884 2.632221 
2.629780 2.624287 2.624287 2.613910 2.611469 2.611469 2.605976 2.605365 2.601703 2.598651 
2.596210 2.595599 2.591327 2.588275 2.585833 2.585223 2.578509 2.575457 2.573626 2.568743 
2.563250 2.560808 2.559587 2.557146 2.557146 2.555925 2.554704 2.554094 2.554094 2.553484 
2.552873 2.552263 2.551653 2.549821 2.548601 2.546159 2.546159 2.546159 2.544939 2.542497 
2.540666 2.539445 2.537614 2.530900 2.521744 2.518693 2.518082 2.518082 2.517472 2.513810 
2.512589 2.512589 2.510147 2.510147 2.505264 2.503433 2.501602 2.499161 2.498550 2.496719 
2.496109 2.495499 2.493667 2.492447 2.483901 2.480850 2.480239 2.480239 2.479629 2.476577 
2.476577 2.475356 2.475356 2.474746 2.472304 2.465590 2.464370 2.462539 2.460707 2.457656 
2.455824 2.455824 2.455214 2.453383 2.452773 2.450331 2.449721 2.447890 2.444227 2.441786 
2.439344 2.439344 2.438734 2.435682 2.432630 2.431410 2.425306 2.420423 2.416150 2.414319 
2.414319 2.413709 2.413099 2.412488 2.411878 2.410657 2.410047 2.409436 2.408826 2.407605 
2.405164 2.403943 2.400891 2.400891 2.399670 2.397839 2.396619 2.394177 2.392346 2.391736 
2.388684 2.383801 2.380749 2.380139 2.379528 2.378918 2.377087 2.375866 2.374645 2.368542 
2.361827 2.360607 2.360607 2.359996 2.359386 2.356944 2.355724 2.353282 2.352062 2.351451 
2.350230 2.350230 2.350230 2.350230 2.347179 2.342906 2.340464 2.339854 2.339854 2.333140 
2.331919 2.330699 2.327647 2.326426 2.325205 2.323374 2.321543 2.319712 2.318491 2.317881 
2.316660 2.314829 2.314219 2.312998 2.309336 2.302011 2.302011 2.301401 2.300790 2.298959 
2.297739 2.294687 2.291635 2.290414 2.287362 2.286142 2.285531 2.283090 2.280648 2.280648 
2.280038 2.277596 2.275765 2.275765 2.274545 2.268441 2.266610 2.265999 2.263558 2.262337 
2.260506 2.259285 2.258675 2.257454 2.255013 2.254402 2.253182 2.253182 2.251961 2.250130 
2.245857 2.245247 2.245247 2.242805 2.240974 2.240364 2.235481 2.231208 2.228156 2.227546 
2.226936 2.226936 2.224494 2.221442 2.215949 2.212287 2.212287 2.210456 2.209845 2.208014 
2.208014 2.206183 2.203131 2.201300 2.199469 2.199469 2.198248 2.196417 2.188482 2.187872 
2.184820 2.182989 2.182379 2.181768 2.181158 2.180548 2.179327 2.177496 2.175054 2.172002 
2.164068 2.162236 2.161626 2.161016 2.154302 2.145146 2.142705 2.137211 2.135380 2.133549 
2.126225 2.126225 2.121342 2.112186 2.105472 2.104862 2.096316 2.093875 2.092654 2.088992 
2.085330 2.085330 2.085330 2.085330 2.084109 2.081057 2.080447 2.076785 2.075564 2.071902 
2.067629 2.066408 2.065798 2.065798 2.063356 2.063356 2.061525 2.058473 2.057863 2.057253 
2.053591 2.052980 2.050539 2.050539 2.050539 2.049928 2.048097 2.046876 2.046876 2.038331 
2.038331 2.027955 2.025513 2.024903 2.024293 2.021851 2.020631 2.018189 2.017579 2.016358 
2.013916 2.013306 2.012085 2.011475 2.011475 2.010865 2.007202 2.007202 2.004151 2.002930 
2.002319 2.001709 2.000488 2.000488 1.994995 1.994385 1.993774 1.991943 1.991333 1.991333 
1.990112 1.989502 1.989502 1.985229 1.981567 1.978515 1.976684 1.975463 1.971801 1.971191 
1.969970 1.965087 1.960814 1.959593 1.958983 1.958373 1.958373 1.956542 1.955931 1.952879 
1.952879 1.949828 1.949217 1.944945 1.943724 1.942503 1.941282 1.940672 1.939451 1.938841 
1.937620 1.935179 1.933958 1.931516 1.929075 1.924802 1.923582 1.921751 1.920530 1.919309 
1.918088 1.914426 1.912595 1.908322 1.906491 1.898556 1.897946 1.896725 1.895505 1.895505 
1.893063 1.887570 1.884518 1.883297 1.882076 1.881466 1.879025 1.876583 1.871700 1.866207 
1.861934 1.861324 1.861324 1.860714 1.859493 1.857051 1.855220 1.855220 1.850337 1.847896 
1.847285 1.846675 1.846675 1.846065 1.843013 1.840571 1.840571 1.837519 1.832636 1.830195 
1.827143 1.822871 1.821650 1.816156 1.816156 1.816156 1.811884 1.811884 1.810663 1.809442 
1.807611 1.805780 1.804559 1.802728 1.802728 1.800287 1.797845 1.788690 1.787469 1.786248 
1.783197 1.783197 1.778314 1.777703 1.774651 1.772820 1.772210 1.770989 1.764885 1.762444 
1.762444 1.761834 1.761223 1.761223 1.756951 1.756340 1.753288 1.751457 1.750847 1.748405 
1.747185 1.746574 1.745964 1.744133 1.735588 1.734977 1.731925 1.726432 1.726432 1.719108 
1.717277 1.716666 1.716056 1.714225 1.711783 1.711173 1.709952 1.708731 1.707511 1.702017 
1.702017 1.698355 1.696524 1.690420 1.688589 1.687979 1.678213 1.676382 1.672720 1.670278 
1.669668 1.665395 1.662954 1.659291 1.655019 1.652577 1.650136 1.648305 1.646474 1.636097 
1.634877 1.633656 1.632435 1.630604 1.629383 1.628773 1.625721 1.622669 1.622669 1.621448 
1.619617 1.617176 1.615955 1.615955 1.609241 1.608020 1.606800 1.606189 1.604358 1.601917 
1.601306 1.600085 1.599475 1.596423 1.591540 1.589099 1.587268 1.586047 1.585437 1.584826 
1.584216 1.582385 1.578722 1.576281 1.575671 1.573840 1.573229 1.572008 1.567736 1.567125 
1.567125 1.566515 1.565294 1.563463 1.561632 1.561022 1.557360 1.557360 1.556139 1.550035 
1.550035 1.548814 1.546983 1.545763 1.542100 1.540880 1.540880 1.540269 1.532945 1.530503 
1.529283 1.523789 1.522568 1.521348 1.515244 1.514634 1.512192 1.510971 1.510361 1.504257 
1.503037 1.501816 1.501205 1.500595 1.497543 1.497543 1.495712 1.490829 1.484115 1.482894 
1.481674 1.477401 1.477401 1.476791 1.474960 1.467025 1.465804 1.461531 1.460311 1.458480 
1.455428 1.453597 1.449934 1.443831 1.441389 1.441389 1.440779 1.437117 1.426740 1.423688 
1.421857 1.421247 1.417585 1.414533 1.413312 1.410260 1.410260 1.409650 1.408429 1.408429 
1.405377 1.402326 1.399884 1.399884 1.398663 1.398053 1.397443 1.393780 1.383404 1.380963 
1.380352 1.379742 1.378521 1.377300 1.374859 1.366314 1.365703 1.363872 1.362651 1.362041 
1.359600 1.357158 1.355327 1.355327 1.354717 1.344951 1.338847 1.337016 1.335795 1.323588 
1.322977 1.315043 1.311380 1.307108 1.306497 1.305887 1.305887 1.305277 1.302225 1.302225 
1.301614 1.301004 1.300394 1.299783 1.297952 1.294900 1.294290 1.294290 1.290628 1.288797 
1.288186 1.286355 1.284524 1.283303 1.282693 1.282693 1.280862 1.275979 1.274758 1.272927 
1.270486 1.268044 1.268044 1.268044 1.267434 1.266213 1.264382 1.264382 1.263161 1.261330 
1.260109 1.259499 1.258278 1.258278 1.254616 1.254616 1.254006 1.254006 1.254006 1.246071 
1.241188 1.237526 1.235084 1.233863 1.224097 1.223487 1.219214 1.213721 1.213111 1.210059 
1.209449 1.204566 1.202734 1.197241 1.196020 1.195410 1.194189 1.193579 1.191748 1.189917 
1.188696 1.188086 1.184423 1.176489 1.175878 1.169774 1.169164 1.164281 1.160009 1.158788 
1.158177 1.158177 1.158177 1.152684 1.152684 1.149632 1.145970 1.145970 1.145970 1.144749 
1.141697 1.139256 1.139256 1.138035 1.131932 1.128880 1.126438 1.126438 1.124607 1.124607 
1.122776 1.119114 1.117283 1.116062 1.112400 1.111789 1.111179 1.105686 1.105075 1.102023 
1.098361 1.095920 1.095309 1.094699 1.087374 1.087374 1.081271 1.080050 1.079440 1.077609 
1.076998 1.075167 1.073946 1.069674 1.067843 1.067843 1.066012 1.062349 1.061739 1.061129 
1.053194 1.052583 1.050752 1.048921 1.047700 1.044649 1.042207 1.042207 1.041597 1.039155 
1.038545 1.034883 1.034883 1.033662 1.031831 1.024506 1.023896 1.017792 1.017182 1.014130 
1.013520 1.013520 1.013520 1.009247 1.008026 1.007416 1.005585 1.004975 1.003143 1.002533 
0.995209 0.993988 0.993988 0.992157 0.991546 0.989715 0.985443 0.983001 0.982391 0.979949 
0.979949 0.979949 0.971404 0.968963 0.967132 0.965911 0.959197 0.952483 0.949431 0.945769 
0.943327 0.941496 0.940886 0.940275 0.933561 0.929899 0.927458 0.926847 0.925626 0.921964 
0.917081 0.914640 0.913419 0.911588 0.910367 0.910367 0.909757 0.908536 0.907315 0.906705 
0.904874 0.903653 0.903653 0.903043 0.901822 0.900601 0.895718 0.892666 0.892056 0.890835 
0.888394 0.884732 0.878628 0.874966 0.874966 0.871914 0.870083 0.866420 0.865810 0.865810 
0.863979 0.863979 0.862148 0.861538 0.860927 0.859706 0.856044 0.856044 0.853603 0.853603 
0.848720 0.846889 0.843226 0.843226 0.842616 0.840785 0.831019 0.829798 0.828578 0.819422 
0.819422 0.814539 0.813318 0.812098 0.811487 0.811487 0.807825 0.806604 0.805994 0.804773 
0.800501 0.798669 0.796838 0.792566 0.791955 0.789514 0.788903 0.784631 0.784021 0.782189 
0.779748 0.777306 0.776696 0.776086 0.776086 0.774865 0.771203 0.769982 0.766930 0.765709 
0.764489 0.763878 0.762047 0.759606 0.758995 0.756554 0.755333 0.753502 0.749840 0.748009 
0.747398 0.747398 0.745567 0.743126 0.741905 0.741295 0.739463 0.739463 0.739463 0.738243 
0.738243 0.736412 0.733360 0.725425 0.724204 0.724204 0.721763 0.721152 0.718101 0.713828 
0.713828 0.713218 0.712607 0.711386 0.710166 0.710166 0.708335 0.707724 0.705893 0.705893 
0.699789 0.699789 0.699179 0.699179 0.699179 0.699179 0.697958 0.687582 0.682089 0.679037 
0.676595 0.674154 0.671712 0.669271 0.666829 0.666829 0.665609 0.661946 0.655843 0.653401 
0.646077 0.644856 0.644246 0.643025 0.640584 0.636921 0.636921 0.632038 0.632038 0.630818 
0.625324 0.624714 0.624104 0.620441 0.618610 0.608234 0.604572 0.602130 0.600909 0.600299 
0.599689 0.599689 0.597247 0.596637 0.595416 0.589923 0.587481 0.581378 0.581378 0.578936 
0.578326 0.577105 0.576495 0.574664 0.571001 0.569781 0.562456 0.558794 0.557573 0.555132 
0.552690 0.549638 0.549028 0.543535 0.542314 0.539872 0.539872 0.538652 0.537431 0.531327 
0.524613 0.524003 0.520951 0.520341 0.517289 0.513627 0.513016 0.511795 0.510575 0.509964 
0.508744 0.506912 0.506912 0.506302 0.506302 0.498367 0.495926 0.493484 0.491653 0.488601 
0.485549 0.479446 0.476394 0.468459 0.463576 0.452589 0.447096 0.445265 0.444655 0.444044 
0.443434 0.441603 0.440992 0.430006 0.424512 0.423902 0.423292 0.420850 0.420240 0.417798 
0.414747 0.414136 0.413526 0.412915 0.412305 0.404981 0.404370 0.400098 0.400098 0.398877 
0.394604 0.392773 0.392163 0.390332 0.381176 0.378735 0.378124 0.378124 0.372021 0.366527 
0.359813 0.358592 0.357372 0.356151 0.353710 0.352489 0.351878 0.350047 0.347606 0.345164 
0.342723 0.339671 0.337840 0.334788 0.334178 0.332347 0.331736 0.328684 0.328074 0.325632 
0.323801 0.322581 0.321970 0.318918 0.314035 0.314035 0.309763 0.308542 0.304270 0.304270 
0.302438 0.301828 0.300607 0.300607 0.299997 0.298776 0.296945 0.291452 0.288400 0.287790 
0.285348 0.284738 0.283517 0.281075 0.278634 0.277413 0.274361 0.270699 0.265206 0.265206 
0.263985 0.262764 0.262154 0.256661 0.252998 0.252998 0.252998 0.252998 0.252998 0.251167 
0.249947 0.248726 0.248115 0.242622 0.242622 0.241401 0.238960 0.237129 0.231635 0.231025 
0.229194 0.224311 0.216987 0.213324 0.210883 0.206610 0.206000 0.206000 0.205390 0.199286 
0.197455 0.196844 0.191351 0.185858 0.182196 0.180364 0.175481 0.175481 0.173040 0.170598 
0.169988 0.168767 0.168157 0.166936 0.165716 0.165105 0.164495 0.163274 0.162664 0.162053 
0.160833 0.158391 0.157781 0.157170 0.155950 0.155339 0.155339 0.154729 0.153508 0.153508 
0.151677 0.149236 0.144963 0.143132 0.140690 0.138859 0.138249 0.134587 0.130314 0.128483 
0.128483 0.126652 0.126041 0.125431 0.123600 0.121769 0.121769 0.120548 0.119327 0.118107 
0.115055 0.113834 0.113224 0.108951 0.105899 0.105899 0.101627 0.098575 0.097964 0.095523 
0.095523 0.086978 0.085757 0.082705 0.082095 0.080264 0.080264 0.074770 0.073550 0.070498 
0.069887 0.069277 0.065615 0.065004 0.061953 0.060121 0.059511 0.055849 0.054628 0.054018 
0.054018 0.052797 0.047914 0.044252 0.043031 0.041810 0.039369 0.030824 0.028993 0.025941 
0.024720 0.024720 0.021058 0.013123 0.012513 0.011902 0.010071 0.008850 0.004578 0.001526 
-0.000305 -0.000916 -0.001526 -0.005188 -0.010071 -0.011292 -0.014344 -0.014344 -0.015564 -0.015564 
-0.019227 -0.021058 -0.028993 -0.030213 -0.031434 -0.034486 -0.036927 -0.036927 -0.037538 -0.038148 
-0.039369 -0.039979 -0.041200 -0.041810 -0.042421 -0.042421 -0.048524 -0.048524 -0.055849 -0.056459 
-0.058290 -0.061342 -0.064394 -0.065615 -0.068056 -0.069277 -0.069887 -0.071108 -0.071108 -0.073550 
-0.076601 -0.082705 -0.083316 -0.085147 -0.085147 -0.085147 -0.086367 -0.090030 -0.090640 -0.090640 
-0.094302 -0.096744 -0.101627 -0.101627 -0.105899 -0.105899 -0.111393 -0.113224 -0.113224 -0.114444 
-0.115055 -0.116276 -0.118717 -0.119327 -0.121769 -0.121769 -0.124821 -0.124821 -0.125431 -0.130314 
-0.132756 -0.132756 -0.134587 -0.137638 -0.141301 -0.143132 -0.146794 -0.148015 -0.149846 -0.152287 
-0.154118 -0.155950 -0.161443 -0.162053 -0.163274 -0.165105 -0.167547 -0.168157 -0.171209 -0.173040 
-0.173650 -0.174261 -0.176092 -0.176092 -0.188299 -0.189520 -0.193182 -0.196234 -0.197455 -0.202948 
-0.203558 -0.204169 -0.207831 -0.207831 -0.211493 -0.213935 -0.214545 -0.226142 -0.227363 -0.231635 
-0.235298 -0.237739 -0.239570 -0.239570 -0.243843 -0.244453 -0.244453 -0.245674 -0.245674 -0.245674 
-0.247505 -0.256050 -0.257881 -0.260933 -0.262764 -0.263375 -0.263985 -0.266427 -0.267037 -0.267037 
-0.267647 -0.268868 -0.271920 -0.275582 -0.276193 -0.278634 -0.281686 -0.281686 -0.281686 -0.282907 
-0.284738 -0.285958 -0.285958 -0.286569 -0.292062 -0.292062 -0.292062 -0.292673 -0.299387 -0.299387 
-0.309763 -0.317087 -0.319529 -0.321970 -0.326243 -0.328684 -0.329295 -0.331126 -0.331126 -0.332347 
-0.335398 -0.339061 -0.341502 -0.342723 -0.343333 -0.345775 -0.348827 -0.351878 -0.353710 -0.356151 
-0.358592 -0.358592 -0.359203 -0.359203 -0.362255 -0.364086 -0.366527 -0.367138 -0.368969 -0.371410 
-0.375072 -0.376904 -0.376904 -0.378735 -0.381176 -0.382397 -0.384228 -0.384838 -0.393384 -0.397656 
-0.397656 -0.400098 -0.404370 -0.406812 -0.409253 -0.409864 -0.411084 -0.411084 -0.413526 -0.414747 
-0.419630 -0.425123 -0.428175 -0.428785 -0.429395 -0.430616 -0.434889 -0.439772 -0.440382 -0.442213 
-0.444044 -0.445875 -0.447096 -0.460524 -0.462355 -0.462355 -0.464187 -0.464187 -0.464797 -0.466628 
-0.467849 -0.468459 -0.468459 -0.468459 -0.470290 -0.470290 -0.471511 -0.476394 -0.478835 -0.481277 
-0.483108 -0.484939 -0.487991 -0.490432 -0.492264 -0.494705 -0.502029 -0.503861 -0.503861 -0.506912 
-0.507523 -0.511185 -0.513016 -0.520341 -0.520951 -0.522172 -0.528886 -0.531327 -0.538041 -0.538652 
-0.540483 -0.543535 -0.544145 -0.548418 -0.548418 -0.552080 -0.552690 -0.552690 -0.553911 -0.554521 
-0.558184 -0.561235 -0.561235 -0.563677 -0.569170 -0.569781 -0.570391 -0.571001 -0.571001 -0.574664 
-0.575884 -0.578326 -0.583209 -0.584429 -0.584429 -0.585040 -0.585650 -0.586261 -0.589312 -0.591144 
-0.596637 -0.597247 -0.598468 -0.599078 -0.599689 -0.607013 -0.607624 -0.610065 -0.610065 -0.613727 
-0.614948 -0.615558 -0.616779 -0.616779 -0.618610 -0.618610 -0.619221 -0.620441 -0.621662 -0.625324 
-0.625324 -0.626545 -0.627155 -0.627155 -0.632038 -0.633259 -0.633869 -0.638142 -0.639363 -0.643025 
-0.643635 -0.643635 -0.647908 -0.649739 -0.650960 -0.652791 -0.653401 -0.655232 -0.656453 -0.656453 
-0.657064 -0.657064 -0.660726 -0.661336 -0.661946 -0.663167 -0.664998 -0.669271 -0.674764 -0.682089 
-0.682089 -0.683309 -0.683920 -0.684530 -0.684530 -0.685141 -0.691855 -0.693075 -0.702231 -0.702841 
-0.707724 -0.708335 -0.708945 -0.709555 -0.711997 -0.713828 -0.713828 -0.715659 -0.716269 -0.721763 
-0.722983 -0.724204 -0.724815 -0.726035 -0.726035 -0.726646 -0.727256 -0.728477 -0.728477 -0.729087 
-0.732139 -0.735191 -0.743126 -0.747398 -0.749229 -0.750450 -0.752281 -0.752281 -0.752892 -0.754723 
-0.756554 -0.757164 -0.758995 -0.759606 -0.760216 -0.762658 -0.762658 -0.763268 -0.763268 -0.764489 
-0.766930 -0.768761 -0.770592 -0.777306 -0.778527 -0.781579 -0.782189 -0.782800 -0.782800 -0.785852 
-0.789514 -0.790735 -0.796228 -0.798669 -0.802332 -0.802942 -0.812098 -0.812708 -0.818812 -0.818812 
-0.819422 -0.821863 -0.823695 -0.826746 -0.830409 -0.830409 -0.832850 -0.835292 -0.836512 -0.838343 
-0.840785 -0.843226 -0.844447 -0.850551 -0.851772 -0.852992 -0.854213 -0.856044 -0.856655 -0.861538 
-0.862758 -0.863369 -0.863979 -0.864589 -0.865200 -0.867031 -0.871303 -0.872524 -0.874355 -0.875576 
-0.878018 -0.881680 -0.882900 -0.884121 -0.884732 -0.885952 -0.887783 -0.887783 -0.892666 -0.893887 
-0.896939 -0.899991 -0.907315 -0.909757 -0.910367 -0.911588 -0.915250 -0.920133 -0.920133 -0.923185 
-0.925016 -0.925016 -0.928068 -0.928068 -0.931730 -0.936613 -0.937223 -0.937223 -0.937834 -0.945158 
-0.945769 -0.945769 -0.946379 -0.950041 -0.951262 -0.952483 -0.952483 -0.953093 -0.961638 -0.965911 
-0.966521 -0.970183 -0.970794 -0.973846 -0.974456 -0.974456 -0.979339 -0.980560 -0.981780 -0.984832 
-0.986053 -0.988495 -0.990326 -0.993377 -0.994598 -0.996429 -1.003143 -1.003754 -1.004364 -1.004364 
-1.004975 -1.005585 -1.008637 -1.011689 -1.011689 -1.014130 -1.019013 -1.020234 -1.020234 -1.024506 
-1.030000 -1.031220 -1.033662 -1.037935 -1.040376 -1.044038 -1.045869 -1.047700 -1.048921 -1.049532 
-1.049532 -1.051973 -1.053804 -1.054415 -1.061739 -1.062349 -1.062349 -1.064791 -1.065401 -1.068453 
-1.069063 -1.070284 -1.073336 -1.074557 -1.074557 -1.080050 -1.081271 -1.082492 -1.086764 -1.087985 
-1.089206 -1.090426 -1.091647 -1.094089 -1.098972 -1.099582 -1.099582 -1.101413 -1.103854 -1.108737 
-1.111789 -1.111789 -1.114841 -1.114841 -1.117893 -1.118503 -1.118503 -1.122776 -1.123386 -1.129490 
-1.137425 -1.138035 -1.138646 -1.142308 -1.145360 -1.145360 -1.147191 -1.149632 -1.152684 -1.152684 
-1.158788 -1.160009 -1.160009 -1.163060 -1.168554 -1.168554 -1.169164 -1.170995 -1.172826 -1.173437 
-1.174047 -1.177709 -1.181372 -1.181982 -1.184423 -1.191137 -1.191748 -1.197241 -1.197851 -1.199683 
-1.200293 -1.201514 -1.202734 -1.204566 -1.205176 -1.208228 -1.208838 -1.211280 -1.211890 -1.211890 
-1.222266 -1.224708 -1.226539 -1.228980 -1.228980 -1.231422 -1.233863 -1.236915 -1.238136 -1.239357 
-1.241798 -1.244850 -1.244850 -1.246071 -1.246681 -1.249123 -1.254616 -1.255226 -1.256447 -1.258889 
-1.259499 -1.260109 -1.260720 -1.262551 -1.262551 -1.264992 -1.266213 -1.269875 -1.271706 -1.271706 
-1.273537 -1.273537 -1.275369 -1.277200 -1.277200 -1.279031 -1.282083 -1.282083 -1.283303 -1.286355 
-1.291849 -1.294900 -1.296121 -1.297342 -1.298563 -1.300394 -1.300394 -1.301004 -1.302225 -1.304666 
-1.305887 -1.307108 -1.310770 -1.318705 -1.319315 -1.324808 -1.330912 -1.337016 -1.337016 -1.340678 
-1.341288 -1.342509 -1.346171 -1.346782 -1.346782 -1.348613 -1.348613 -1.351054 -1.351665 -1.353496 
-1.355937 -1.357768 -1.358379 -1.359600 -1.359600 -1.360210 -1.360820 -1.364483 -1.366924 -1.368145 
-1.368755 -1.373638 -1.373638 -1.378521 -1.379131 -1.379131 -1.379742 -1.379742 -1.380352 -1.386456 
-1.387677 -1.387677 -1.390118 -1.391339 -1.395001 -1.398053 -1.399274 -1.402326 -1.402936 -1.404157 
-1.404157 -1.404767 -1.404767 -1.407819 -1.407819 -1.408429 -1.410260 -1.411481 -1.412091 -1.413312 
-1.413312 -1.414533 -1.415143 -1.415754 -1.417585 -1.418806 -1.420026 -1.421857 -1.423078 -1.427351 
-1.427351 -1.429182 -1.429792 -1.446883 -1.450545 -1.452986 -1.456038 -1.457259 -1.457259 -1.457259 
-1.459090 -1.462752 -1.464583 -1.468245 -1.474349 -1.480453 -1.485336 -1.488998 -1.489608 -1.490219 
-1.496933 -1.498154 -1.498154 -1.498154 -1.499374 -1.503647 -1.504868 -1.505478 -1.506088 -1.506699 
-1.511582 -1.511582 -1.512192 -1.517685 -1.517685 -1.519517 -1.529893 -1.531114 -1.533555 -1.535997 
-1.537217 -1.540880 -1.541490 -1.542100 -1.542711 -1.543321 -1.543931 -1.545763 -1.547594 -1.556139 
-1.556749 -1.558580 -1.559801 -1.560411 -1.565294 -1.566515 -1.568957 -1.572008 -1.572008 -1.575671 
-1.577502 -1.577502 -1.582995 -1.583605 -1.584216 -1.588488 -1.589709 -1.591540 -1.593982 -1.596423 
-1.598865 -1.599475 -1.603137 -1.604968 -1.614124 -1.615345 -1.616565 -1.619007 -1.623280 -1.625111 
-1.626942 -1.627552 -1.628162 -1.630604 -1.631825 -1.637928 -1.638539 -1.639760 -1.643422 -1.644032 
-1.645253 -1.645253 -1.648915 -1.649525 -1.649525 -1.650136 -1.650746 -1.651967 -1.652577 -1.652577 
-1.652577 -1.655019 -1.655629 -1.656850 -1.657460 -1.662954 -1.662954 -1.664785 -1.666005 -1.668447 
-1.671499 -1.672109 -1.673330 -1.673940 -1.676382 -1.676382 -1.679434 -1.680654 -1.683706 -1.686148 
-1.687979 -1.688589 -1.695914 -1.698355 -1.700186 -1.703238 -1.704459 -1.707511 -1.708731 -1.708731 
-1.710562 -1.711173 -1.714835 -1.717277 -1.717277 -1.720939 -1.721549 -1.725822 -1.727042 -1.731925 
-1.738029 -1.739860 -1.744133 -1.747185 -1.747795 -1.749626 -1.750237 -1.751457 -1.752678 -1.755119 
-1.756951 -1.757561 -1.760002 -1.760613 -1.764275 -1.764885 -1.766717 -1.772210 -1.773431 -1.775262 
-1.784417 -1.785028 -1.785638 -1.786859 -1.788079 -1.788079 -1.788690 -1.791742 -1.792352 -1.793573 
-1.796625 -1.797845 -1.798456 -1.800287 -1.800897 -1.801508 -1.801508 -1.802728 -1.804559 -1.805170 
-1.821039 -1.823481 -1.825312 -1.827754 -1.828974 -1.830195 -1.832026 -1.833247 -1.836909 -1.837519 
-1.837519 -1.838130 -1.838130 -1.838740 -1.842402 -1.846065 -1.846675 -1.847896 -1.850948 -1.851558 
-1.853999 -1.856441 -1.856441 -1.858882 -1.863155 -1.863765 -1.866817 -1.869259 -1.874142 -1.874752 
-1.875362 -1.875973 -1.877804 -1.879635 -1.882076 -1.882076 -1.883908 -1.887570 -1.891232 -1.891842 
-1.896115 -1.897946 -1.900388 -1.900998 -1.901608 -1.903439 -1.907102 -1.907712 -1.908933 -1.910764 
-1.921751 -1.926634 -1.927244 -1.927244 -1.929075 -1.930296 -1.932127 -1.933348 -1.934568 -1.935789 
-1.938841 -1.938841 -1.941893 -1.944945 -1.945555 -1.947386 -1.949217 -1.954711 -1.955321 -1.956542 
-1.958983 -1.960204 -1.960814 -1.962645 -1.963866 -1.964476 -1.968139 -1.974242 -1.974242 -1.975463 
-1.976073 -1.979125 -1.979125 -1.980346 -1.982177 -1.987060 -1.990112 -1.990112 -1.996826 -2.000488 
-2.000488 -2.007202 -2.009644 -2.011475 -2.013916 -2.013916 -2.015137 -2.015748 -2.017579 -2.018189 
-2.020020 -2.021241 -2.027955 -2.032228 -2.034059 -2.036500 -2.039552 -2.041993 -2.042604 -2.043825 
-2.043825 -2.048708 -2.049318 -2.049928 -2.051149 -2.052370 -2.052370 -2.054811 -2.055422 -2.057863 
-2.059084 -2.061525 -2.062136 -2.062136 -2.069460 -2.071902 -2.073733 -2.074953 -2.076785 -2.078005 
-2.080447 -2.081057 -2.081668 -2.082888 -2.084109 -2.096927 -2.101810 -2.102420 -2.103030 -2.104251 
-2.106082 -2.106693 -2.106693 -2.109745 -2.109745 -2.111576 -2.112796 -2.114017 -2.116459 -2.117679 
-2.118900 -2.120121 -2.120731 -2.122562 -2.123173 -2.130497 -2.132939 -2.133549 -2.135380 -2.142705 
-2.146977 -2.148198 -2.150029 -2.150029 -2.152470 -2.154302 -2.156743 -2.157964 -2.161016 -2.161626 
-2.161626 -2.162847 -2.172002 -2.172613 -2.175665 -2.176885 -2.182379 -2.186041 -2.187872 -2.188482 
-2.190924 -2.192755 -2.193365 -2.195807 -2.201910 -2.206183 -2.217170 -2.221442 -2.222053 -2.229987 
-2.234870 -2.236702 -2.237312 -2.237922 -2.239753 -2.239753 -2.241585 -2.243416 -2.247688 -2.253792 
-2.253792 -2.256233 -2.261116 -2.262947 -2.262947 -2.264168 -2.267220 -2.268441 -2.269051 -2.272103 
-2.275155 -2.276986 -2.278207 -2.280648 -2.284921 -2.285531 -2.291025 -2.291025 -2.291025 -2.291635 
-2.292245 -2.297128 -2.299570 -2.302622 -2.303232 -2.304453 -2.306894 -2.307505 -2.309336 -2.309336 
-2.309946 -2.311777 -2.312998 -2.314219 -2.317270 -2.317881 -2.317881 -2.322764 -2.322764 -2.323984 
-2.325205 -2.325816 -2.327647 -2.331309 -2.332530 -2.333140 -2.334361 -2.334361 -2.338633 -2.339854 
-2.340464 -2.343516 -2.344737 -2.349010 -2.351451 -2.355113 -2.357555 -2.358165 -2.360607 -2.361217 
-2.361217 -2.363048 -2.363048 -2.364269 -2.369152 -2.372814 -2.374035 -2.377697 -2.378307 -2.380749 
-2.383190 -2.385632 -2.389904 -2.389904 -2.391125 -2.391736 -2.396619 -2.398450 -2.405164 -2.406995 
-2.407605 -2.410657 -2.411267 -2.412488 -2.414319 -2.417982 -2.419202 -2.424085 -2.424696 -2.427747 
-2.429579 -2.431410 -2.432020 -2.438734 -2.443007 -2.443617 -2.443617 -2.444227 -2.445448 -2.446059 
-2.447890 -2.449110 -2.450941 -2.450941 -2.452773 -2.455824 -2.457656 -2.457656 -2.459487 -2.460097 
-2.460097 -2.463149 -2.464370 -2.464370 -2.466201 -2.469253 -2.469863 -2.471694 -2.472304 -2.475356 
-2.476577 -2.481460 -2.483291 -2.494278 -2.495499 -2.503433 -2.503433 -2.505875 -2.506485 -2.510758 
-2.511979 -2.513199 -2.513199 -2.516251 -2.517472 -2.517472 -2.520524 -2.521134 -2.521134 -2.522355 
-2.522965 -2.523576 -2.523576 -2.524186 -2.524796 -2.528459 -2.529069 -2.529679 -2.531510 -2.535173 
-2.535173 -2.541276 -2.541887 -2.544328 -2.544939 -2.545549 -2.547990 -2.549821 -2.551042 -2.552873 
-2.555925 -2.557146 -2.557146 -2.558977 -2.560198 -2.562639 -2.563250 -2.565081 -2.569964 -2.571184 
-2.571795 -2.573626 -2.574236 -2.575457 -2.582171 -2.582781 -2.585223 -2.587054 -2.587664 -2.588275 
-2.588275 -2.591937 -2.593768 -2.594378 -2.595599 -2.601093 -2.601093 -2.604144 -2.606586 -2.607807 
-2.612079 -2.620014 -2.620624 -2.623066 -2.624287 -2.625507 -2.630390 -2.631001 -2.632221 -2.632832 
-2.634663 -2.635884 -2.638325 -2.641987 -2.642598 -2.644429 -2.645650 -2.649312 -2.649922 -2.650533 
-2.651143 -2.652364 -2.653584 -2.654195 -2.657247 -2.660298 -2.663961 -2.668844 -2.670064 -2.676168 
-2.679220 -2.681051 -2.682882 -2.685324 -2.688986 -2.690817 -2.695090 -2.695700 -2.696310 -2.696921 
-2.700583 -2.704855 -2.709128 -2.713401 -2.713401 -2.715232 -2.716453 -2.720725 -2.720725 -2.725608 
-2.732322 -2.734153 -2.737815 -2.742698 -2.744530 -2.748802 -2.748802 -2.750023 -2.753075 -2.753685 
-2.756127 -2.756737 -2.759789 -2.760399 -2.761010 -2.763451 -2.764061 -2.765893 -2.765893 -2.769555 
-2.771996 -2.772607 -2.773217 -2.773827 -2.775048 -2.776269 -2.776879 -2.778100 -2.778710 -2.782983 
-2.783593 -2.784204 -2.790307 -2.792138 -2.793359 -2.795801 -2.796411 -2.797021 -2.797632 -2.798853 
-2.803125 -2.803125 -2.803735 -2.804956 -2.809839 -2.811060 -2.817164 -2.818384 -2.818995 -2.825098 
-2.825098 -2.826930 -2.829981 -2.830592 -2.833033 -2.834864 -2.835475 -2.839137 -2.840358 -2.840968 
-2.841578 -2.841578 -2.842189 -2.843410 -2.847072 -2.847682 -2.848292 -2.849513 -2.849513 -2.850734 
-2.851344 -2.856227 -2.858669 -2.859890 -2.860500 -2.860500 -2.864162 -2.867824 -2.869655 -2.870876 
-2.878811 -2.880642 -2.884304 -2.886746 -2.889187 -2.889187 -2.889187 -2.891018 -2.892850 -2.892850 
-2.897732 -2.898343 -2.898343 -2.899564 -2.902615 -2.903226 -2.903836 -2.904447 -2.908109 -2.908719 
-2.912381 -2.913602 -2.917875 -2.918485 -2.921537 -2.923978 -2.924589 -2.927030 -2.927641 -2.928251 
-2.930082 -2.932524 -2.935575 -2.936796 -2.938017 -2.938017 -2.938627 -2.939848 -2.940458 -2.941679 
-2.944121 -2.944121 -2.946562 -2.947783 -2.950835 -2.954497 -2.955107 -2.958159 -2.958159 -2.958769 
-2.958769 -2.959990 -2.961821 -2.967315 -2.968535 -2.968535 -2.968535 -2.969146 -2.970367 -2.970977 
-2.971587 -2.973418 -2.975860 -2.976470 -2.977691 -2.978301 -2.980743 -2.985015 -2.989288 -2.989898 
-2.992950 -2.994781 -2.995392 -2.997833 -3.000275 -3.002106 -3.010651 -3.010651 -3.016144 -3.016755 
-3.022248 -3.026521 -3.028962 -3.029572 -3.030793 -3.032014 -3.032624 -3.033235 -3.033845 -3.036287 
-3.039949 -3.039949 -3.046052 -3.053377 -3.053987 -3.053987 -3.053987 -3.053987 -3.058260 -3.058870 
-3.061312 -3.061922 -3.064364 -3.064364 -3.066195 -3.068026 -3.069246 -3.069246 -3.071688 -3.073519 
-3.075961 -3.077181 -3.079623 -3.084506 -3.085726 -3.087558 -3.090609 -3.091830 -3.094272 -3.096103 
-3.099155 -3.102206 -3.102817 -3.103427 -3.104038 -3.107700 -3.108921 -3.110141 -3.115635 -3.122349 
-3.123569 -3.124790 -3.125401 -3.131504 -3.131504 -3.132115 -3.133335 -3.133335 -3.133946 -3.133946 
-3.136387 -3.137608 -3.138829 -3.138829 -3.138829 -3.140660 -3.141270 -3.144322 -3.147984 -3.150426 
-3.150426 -3.152867 -3.155309 -3.155309 -3.155919 -3.155919 -3.160192 -3.160802 -3.162023 -3.162023 
-3.163854 -3.165075 -3.165075 -3.171789 -3.172399 -3.176061 -3.176672 -3.181555 -3.181555 -3.182165 
-3.185217 -3.185827 -3.186438 -3.188269 -3.188879 -3.189489 -3.190710 -3.193762 -3.193762 -3.195593 
-3.196203 -3.197424 -3.198035 -3.199255 -3.199866 -3.200476 -3.206580 -3.207190 -3.208411 -3.209021 
-3.209632 -3.212073 -3.214515 -3.214515 -3.215735 -3.218787 -3.226112 -3.226722 -3.226722 -3.238319 
-3.239540 -3.240150 -3.240150 -3.241371 -3.243202 -3.244423 -3.248085 -3.250526 -3.254189 -3.254189 
-3.255409 -3.256020 -3.260903 -3.262123 -3.262734 -3.270669 -3.273721 -3.277993 -3.278603 -3.278603 
-3.279214 -3.282876 -3.283486 -3.283486 -3.293252 -3.296304 -3.300577 -3.301187 -3.301187 -3.301187 
-3.301798 -3.304239 -3.305460 -3.307901 -3.307901 -3.312174 -3.317667 -3.318278 -3.320719 -3.321329 
-3.328654 -3.331095 -3.331095 -3.331706 -3.332316 -3.332316 -3.332926 -3.333537 -3.335368 -3.335978 
-3.337809 -3.339030 -3.340251 -3.346965 -3.348186 -3.348186 -3.348796 -3.350017 -3.351238 -3.352458 
-3.354289 -3.355510 -3.356120 -3.357341 -3.358562 -3.358562 -3.359783 -3.363445 -3.364055 -3.366497 
-3.367107 -3.369549 -3.370159 -3.371380 -3.372600 -3.372600 -3.374432 -3.375042 -3.375042 -3.378094 
-3.380535 -3.381756 -3.382366 -3.385418 -3.386029 -3.389080 -3.389080 -3.389691 -3.392132 -3.392743 
-3.395184 -3.397015 -3.398236 -3.400678 -3.401288 -3.401288 -3.401898 -3.403119 -3.403729 -3.404950 
-3.405560 -3.408612 -3.409833 -3.410443 -3.412275 -3.412275 -3.414106 -3.415326 -3.415326 -3.418989 
-3.420209 -3.423261 -3.426923 -3.428755 -3.430586 -3.431196 -3.435469 -3.436689 -3.439131 -3.441572 
-3.451338 -3.455000 -3.455611 -3.456832 -3.458663 -3.459883 -3.461104 -3.465377 -3.465987 -3.466597 
-3.469649 -3.470870 -3.475143 -3.475753 -3.476363 -3.492233 -3.493454 -3.495895 -3.503220 -3.503830 
-3.506272 -3.506272 -3.508103 -3.509934 -3.510544 -3.511155 -3.511765 -3.511765 -3.514817 -3.515427 
-3.516648 -3.518479 -3.522752 -3.522752 -3.525193 -3.531297 -3.534349 -3.536790 -3.538621 -3.539232 
-3.539842 -3.540452 -3.545946 -3.546556 -3.548387 -3.548997 -3.549608 -3.550218 -3.550829 -3.550829 
-3.553880 -3.561205 -3.565477 -3.566088 -3.566698 -3.567309 -3.567919 -3.567919 -3.570360 -3.572192 
-3.572192 -3.572802 -3.572802 -3.575243 -3.575854 -3.585620 -3.586230 -3.586230 -3.588672 -3.589892 
-3.590503 -3.591723 -3.592334 -3.592334 -3.593554 -3.596606 -3.598437 -3.599048 -3.605152 -3.607593 
-3.610645 -3.610645 -3.613086 -3.614307 -3.616138 -3.617359 -3.617359 -3.619800 -3.620411 -3.622852 
-3.630787 -3.632008 -3.635670 -3.635670 -3.637501 -3.638112 -3.641774 -3.643605 -3.645436 -3.646046 
-3.646657 -3.647267 -3.647877 -3.648488 -3.653371 -3.654592 -3.656423 -3.660085 -3.662526 -3.666189 
-3.669851 -3.671072 -3.672903 -3.675344 -3.676565 -3.679617 -3.682669 -3.685720 -3.688772 -3.690603 
-3.691824 -3.696707 -3.697928 -3.704031 -3.704642 -3.705252 -3.705863 -3.707694 -3.708914 -3.710135 
-3.711356 -3.714408 -3.715018 -3.715018 -3.720511 -3.720511 -3.722953 -3.723563 -3.723563 -3.724174 
-3.724784 -3.726615 -3.727226 -3.732719 -3.734550 -3.738823 -3.742485 -3.743706 -3.751030 -3.752861 
-3.752861 -3.753471 -3.754082 -3.754082 -3.756523 -3.759575 -3.760796 -3.761406 -3.762017 -3.763848 
-3.764458 -3.767510 -3.771172 -3.773003 -3.773614 -3.774224 -3.777886 -3.778497 -3.781549 -3.782159 
-3.785821 -3.786431 -3.787652 -3.790094 -3.790704 -3.793146 -3.794366 -3.798639 -3.801080 -3.801691 
-3.802911 -3.803522 -3.803522 -3.805963 -3.807184 -3.811457 -3.815119 -3.816950 -3.818171 -3.821223 
-3.821223 -3.822443 -3.823054 -3.823054 -3.823664 -3.824274 -3.824274 -3.824274 -3.827326 -3.827937 
-3.829157 -3.829768 -3.830988 -3.830988 -3.832820 -3.838313 -3.839534 -3.842586 -3.842586 -3.844417 
-3.845637 -3.846248 -3.846248 -3.847468 -3.848689 -3.849910 -3.853572 -3.854793 -3.856014 -3.856624 
-3.857234 -3.858455 -3.862117 -3.862728 -3.866390 -3.866390 -3.867000 -3.870052 -3.871273 -3.873714 
-3.876766 -3.879208 -3.879208 -3.879818 -3.880428 -3.884701 -3.886532 -3.887753 -3.890194 -3.890805 
-3.893857 -3.896298 -3.897519 -3.899960 -3.901791 -3.903623 -3.907895 -3.907895 -3.911557 -3.912778 
-3.912778 -3.913388 -3.913999 -3.919492 -3.920103 -3.920713 -3.924986 -3.925596 -3.926206 -3.929258 
-3.931089 -3.932310 -3.934751 -3.935972 -3.936583 -3.940245 -3.943297 -3.945128 -3.948180 -3.949400 
-3.949400 -3.952452 -3.953673 -3.954283 -3.954894 -3.959777 -3.963439 -3.963439 -3.965270 -3.973815 
-3.974425 -3.976257 -3.977477 -3.978698 -3.979308 -3.984191 -3.985412 -3.990905 -3.990905 -3.991516 
-3.995788 -3.995788 -3.998230 -4.000061 -4.011658 -4.012879 -4.015320 -4.015320 -4.017151 -4.021424 
-4.021424 -4.029969 -4.031190 -4.033021 -4.033631 -4.034242 -4.034852 -4.034852 -4.035463 -4.039125 
-4.041566 -4.044618 -4.045839 -4.047670 -4.053163 -4.054994 -4.054994 -4.055605 -4.059267 -4.063540 
-4.067812 -4.069643 -4.070254 -4.070254 -4.071474 -4.074526 -4.078188 -4.081851 -4.084292 -4.084292 
-4.086734 -4.087954 -4.089175 -4.091006 -4.092837 -4.098941 -4.098941 -4.101382 -4.106876 -4.108707 
-4.111148 -4.113590 -4.121525 -4.127018 -4.128849 -4.133122 -4.133732 -4.137394 -4.139225 -4.140446 
-4.141667 -4.148381 -4.149602 -4.150822 -4.155095 -4.155705 -4.159978 -4.163030 -4.166692 -4.167302 
-4.169134 -4.169744 -4.170965 -4.171575 -4.172796 -4.173406 -4.174017 -4.178289 -4.178900 -4.180731 
-4.183782 -4.183782 -4.187445 -4.189276 -4.189276 -4.190497 -4.192938 -4.195379 -4.196600 -4.200873 
-4.201483 -4.202094 -4.205756 -4.209418 -4.211859 -4.212470 -4.212470 -4.213080 -4.222846 -4.225288 
-4.226508 -4.228950 -4.236885 -4.240547 -4.242988 -4.242988 -4.243599 -4.245430 -4.254585 -4.255806 
-4.260079 -4.260079 -4.264351 -4.265572 -4.269234 -4.271676 -4.274117 -4.275948 -4.277169 -4.277779 
-4.280831 -4.281442 -4.282662 -4.283883 -4.284494 -4.285714 -4.286935 -4.288156 -4.288156 -4.289377 
-4.297922 -4.300974 -4.304636 -4.306467 -4.310129 -4.311960 -4.313791 -4.315012 -4.315622 -4.316843 
-4.319285 -4.321726 -4.323557 -4.327219 -4.331492 -4.332102 -4.332713 -4.333323 -4.336375 -4.338206 
-4.340037 -4.340037 -4.342479 -4.345531 -4.346141 -4.347362 -4.349803 -4.351634 -4.352245 -4.353465 
-4.357128 -4.357738 -4.362011 -4.365062 -4.365062 -4.366894 -4.369335 -4.369335 -4.369335 -4.369335 
-4.374218 -4.374218 -4.376659 -4.376659 -4.385815 -4.386425 -4.387036 -4.387036 -4.388256 -4.390698 
-4.392529 -4.393139 -4.394971 -4.394971 -4.396191 -4.402295 -4.407788 -4.410230 -4.415113 -4.415723 
-4.415723 -4.418775 -4.419996 -4.422437 -4.423658 -4.426710 -4.428541 -4.432203 -4.432814 -4.432814 
-4.433424 -4.435255 -4.439528 -4.441969 -4.443800 -4.445631 -4.446242 -4.446852 -4.449293 -4.449904 
-4.453566 -4.454787 -4.457228 -4.458449 -4.460280 -4.461501 -4.464553 -4.464553 -4.465163 -4.465163 
-4.465163 -4.468825 -4.469436 -4.470046 -4.471267 -4.473098 -4.473098 -4.477371 -4.477371 -4.480422 
-4.481033 -4.481643 -4.484085 -4.488357 -4.490188 -4.490799 -4.492019 -4.493240 -4.497513 -4.499344 
-4.500565 -4.501175 -4.501175 -4.505448 -4.507889 -4.507889 -4.509110 -4.509720 -4.513382 -4.518265 
-4.520096 -4.521928 -4.525590 -4.526811 -4.528642 -4.531693 -4.532304 -4.532914 -4.537797 -4.539018 
-4.545732 -4.546342 -4.548784 -4.550615 -4.553667 -4.564653 -4.565264 -4.565874 -4.566485 -4.569536 
-4.571978 -4.575030 -4.579302 -4.579302 -4.579913 -4.583575 -4.586016 -4.591510 -4.592120 -4.593341 
-4.595172 -4.595782 -4.597613 -4.598224 -4.599445 -4.600665 -4.601276 -4.603717 -4.603717 -4.604328 
-4.605548 -4.606769 -4.606769 -4.606769 -4.609210 -4.609210 -4.609821 -4.610431 -4.611652 -4.618366 
-4.619587 -4.620197 -4.620808 -4.620808 -4.622028 -4.623249 -4.623249 -4.627522 -4.628742 -4.634846 
-4.637898 -4.637898 -4.638508 -4.640950 -4.641560 -4.644002 -4.645833 -4.647053 -4.647053 -4.648274 
-4.649495 -4.652547 -4.653768 -4.654988 -4.654988 -4.654988 -4.658040 -4.658040 -4.659261 -4.660482 
-4.660482 -4.663533 -4.664754 -4.667196 -4.672689 -4.672689 -4.676962 -4.678182 -4.678793 -4.679403 
-4.680624 -4.681845 -4.683676 -4.683676 -4.691000 -4.692831 -4.693442 -4.696493 -4.700766 -4.701376 
-4.703207 -4.703818 -4.709311 -4.709922 -4.709922 -4.711753 -4.714194 -4.716025 -4.718467 -4.719687 
-4.720298 -4.722129 -4.723350 -4.723350 -4.723960 -4.725181 -4.725181 -4.726402 -4.727012 -4.737999 
-4.739219 -4.740440 -4.741661 -4.742882 -4.742882 -4.743492 -4.745933 -4.748985 -4.752037 -4.756310 
-4.757530 -4.758141 -4.759972 -4.760582 -4.761193 -4.763634 -4.767296 -4.767296 -4.771569 -4.772790 
-4.773400 -4.774621 -4.776452 -4.776452 -4.777673 -4.779504 -4.781945 -4.784387 -4.786218 -4.788659 
-4.789270 -4.791711 -4.792322 -4.796594 -4.797205 -4.798425 -4.801477 -4.802087 -4.802698 -4.803919 
-4.803919 -4.804529 -4.809412 -4.809412 -4.812464 -4.812464 -4.813074 -4.814905 -4.814905 -4.814905 
-4.818567 -4.820399 -4.820399 -4.821619 -4.822840 -4.823450 -4.824061 -4.824061 -4.824061 -4.825892 
-4.828333 -4.828944 -4.828944 -4.830775 -4.836879 -4.837489 -4.838099 -4.844203 -4.846644 -4.847255 
-4.849086 -4.850307 -4.854579 -4.855190 -4.860073 -4.861293 -4.869228 -4.871059 -4.874722 -4.877163 
-4.877773 -4.880215 -4.886929 -4.886929 -4.887539 -4.888150 -4.889981 -4.889981 -4.891202 -4.897916 
-4.898526 -4.898526 -4.902188 -4.902799 -4.902799 -4.905240 -4.906461 -4.909513 -4.910123 -4.910123 
-4.911954 -4.913175 -4.913785 -4.915006 -4.918668 -4.923551 -4.924162 -4.924162 -4.925993 -4.928434 
-4.932096 -4.932096 -4.936369 -4.936979 -4.942473 -4.944304 -4.944304 -4.945524 -4.946135 -4.946745 
-4.949187 -4.954070 -4.957121 -4.957121 -4.960784 -4.960784 -4.963225 -4.964446 -4.965056 -4.971160 
-4.972991 -4.975433 -4.976653 -4.979705 -4.980316 -4.980926 -4.981536 -4.983978 -4.984588 -4.985199 
-4.985199 -4.987030 -4.990692 -4.991302 -4.993744 -4.994964 -4.995575 -4.996796 -4.997406 -4.998016 
-4.998627 -5.001679 -5.005341 -5.007172 -5.012665 -5.012665 -5.012665 -5.013276 -5.016938 -5.019379 
-5.024262 -5.027314 -5.031587 -5.037690 -5.040742 -5.042573 -5.042573 -5.044404 -5.046236 -5.047456 
-5.049898 -5.051729 -5.051729 -5.051729 -5.052339 -5.052950 -5.054170 -5.063326 -5.065767 -5.066378 
-5.066988 -5.073092 -5.074923 -5.074923 -5.075533 -5.079806 -5.080416 -5.083468 -5.084689 -5.088351 
-5.088961 -5.089572 -5.091403 -5.092013 -5.093844 -5.095676 -5.096896 -5.108493 -5.109104 -5.113987 
-5.118870 -5.119480 -5.120701 -5.121311 -5.123753 -5.124973 -5.129246 -5.129856 -5.131077 -5.134129 
-5.137181 -5.139622 -5.139622 -5.142674 -5.142674 -5.144505 -5.145116 -5.146336 -5.148778 -5.148778 
-5.149998 -5.152440 -5.155492 -5.155492 -5.157323 -5.158544 -5.159764 -5.160985 -5.164037 -5.165258 
-5.165258 -5.167699 -5.170751 -5.178686 -5.178686 -5.182348 -5.183569 -5.184790 -5.187841 -5.195776 
-5.200049 -5.201880 -5.207373 -5.207984 -5.208594 -5.213477 -5.215308 -5.217139 -5.220191 -5.220191 
-5.220801 -5.220801 -5.222633 -5.222633 -5.225074 -5.225074 -5.225684 -5.226905 -5.227515 -5.228736 
-5.229957 -5.232398 -5.233619 -5.234840 -5.234840 -5.239113 -5.242164 -5.246437 -5.253761 -5.256203 
-5.258644 -5.258644 -5.258644 -5.260475 -5.261086 -5.264138 -5.264748 -5.267190 -5.268410 -5.269631 
-5.270852 -5.270852 -5.274514 -5.276955 -5.279397 -5.280007 -5.285501 -5.288553 -5.289773 -5.297098 
-5.297708 -5.301370 -5.305643 -5.306253 -5.306864 -5.307474 -5.311747 -5.313578 -5.315409 -5.316019 
-5.318461 -5.320292 -5.322123 -5.322123 -5.324564 -5.327616 -5.327616 -5.328837 -5.334941 -5.335551 
-5.336161 -5.337992 -5.341044 -5.343486 -5.344096 -5.347148 -5.356304 -5.356914 -5.358135 -5.359966 
-5.361187 -5.367290 -5.367290 -5.369121 -5.371563 -5.372173 -5.372784 -5.374004 -5.375225 -5.376446 
-5.376446 -5.376446 -5.377056 -5.377667 -5.378277 -5.379498 -5.380108 -5.387432 -5.389874 -5.391095 
-5.391705 -5.397198 -5.398419 -5.399030 -5.399640 -5.400861 -5.400861 -5.401471 -5.403302 -5.405744 
-5.408185 -5.411847 -5.415510 -5.422224 -5.422224 -5.422834 -5.427717 -5.429548 -5.430769 -5.431990 
-5.431990 -5.432600 -5.432600 -5.433821 -5.434431 -5.434431 -5.440535 -5.442976 -5.445418 -5.450301 
-5.451521 -5.452742 -5.454573 -5.455184 -5.459456 -5.461287 -5.466170 -5.466781 -5.468001 -5.469832 
-5.470443 -5.471664 -5.474105 -5.478378 -5.480819 -5.481429 -5.482650 -5.489975 -5.494858 -5.495468 
-5.496689 -5.502182 -5.504013 -5.504624 -5.507065 -5.507675 -5.507675 -5.507675 -5.508286 -5.508286 
-5.519883 -5.520493 -5.520493 -5.521714 -5.525376 -5.525376 -5.527207 -5.528428 -5.530869 -5.531480 
-5.534532 -5.535752 -5.538804 -5.538804 -5.540025 -5.540025 -5.541246 -5.541856 -5.543077 -5.546129 
-5.547349 -5.549791 -5.551012 -5.551012 -5.557726 -5.560778 -5.561388 -5.566271 -5.566881 -5.569933 
-5.571764 -5.575426 -5.577258 -5.579089 -5.587634 -5.588244 -5.604114 -5.604724 -5.611438 -5.611438 
-5.611438 -5.611438 -5.613269 -5.615711 -5.616321 -5.616321 -5.617542 -5.618152 -5.618152 -5.625477 
-5.630970 -5.631581 -5.638905 -5.643178 -5.643178 -5.648061 -5.648671 -5.649892 -5.652333 -5.652333 
-5.653554 -5.654164 -5.654164 -5.656606 -5.658437 -5.660268 -5.661489 -5.662099 -5.662709 -5.664541 
-5.664541 -5.665151 -5.666982 -5.667592 -5.669424 -5.670034 -5.671255 -5.671255 -5.671865 -5.675527 
-5.676748 -5.681021 -5.681021 -5.684683 -5.684683 -5.687735 -5.688955 -5.690176 -5.692618 -5.696890 
-5.697501 -5.697501 -5.707266 -5.709098 -5.712149 -5.715812 -5.716422 -5.720084 -5.720084 -5.721915 
-5.723746 -5.724967 -5.725578 -5.731071 -5.731681 -5.734123 -5.739006 -5.740226 -5.743278 -5.744499 
-5.745720 -5.748772 -5.751213 -5.751823 -5.757927 -5.757927 -5.760369 -5.760369 -5.766472 -5.767083 
-5.769524 -5.771355 -5.773797 -5.777459 -5.778069 -5.784783 -5.786615 -5.786615 -5.789056 -5.789056 
-5.794549 -5.795770 -5.797601 -5.800043 -5.801263 -5.803095 -5.803705 -5.807978 -5.807978 -5.810419 
-5.813471 -5.813471 -5.816523 -5.817743 -5.825068 -5.825678 -5.826899 -5.828120 -5.829340 -5.831172 
-5.832392 -5.833003 -5.834834 -5.839717 -5.842158 -5.842158 -5.844600 -5.845820 -5.849483 -5.851314 
-5.853145 -5.858028 -5.860469 -5.861080 -5.862911 -5.864132 -5.864742 -5.865963 -5.870235 -5.871456 
-5.871456 -5.872066 -5.874508 -5.876949 -5.877560 -5.878170 -5.878780 -5.880001 -5.884884 -5.885495 
-5.886105 -5.887326 -5.887326 -5.887936 -5.888546 -5.889767 -5.890378 -5.894650 -5.897702 -5.898923 
-5.899533 -5.900143 -5.901975 -5.903195 -5.905026 -5.906247 -5.906247 -5.906247 -5.907468 -5.909299 
-5.912351 -5.914792 -5.915403 -5.915403 -5.916013 -5.917234 -5.920896 -5.925779 -5.928220 -5.928220 
-5.929441 -5.930662 -5.931883 -5.933103 -5.933103 -5.936766 -5.937986 -5.939817 -5.940428 -5.942869 
-5.943480 -5.944090 -5.945921 -5.947752 -5.948363 -5.948973 -5.949583 -5.951415 -5.955077 -5.957518 
-5.961791 -5.963012 -5.963012 -5.963622 -5.964843 -5.965453 -5.966063 -5.967895 -5.970336 -5.974609 
-5.975829 -5.975829 -5.980712 -5.985595 -5.986206 -5.991089 -5.995361 -5.997803 -6.004517 -6.006958 
-6.006958 -6.008789 -6.010010 -6.016724 -6.017335 -6.017945 -6.017945 -6.022217 -6.024659 -6.025880 
-6.026490 -6.027100 -6.027711 -6.029542 -6.032594 -6.033204 -6.034425 -6.039308 -6.039918 -6.039918 
-6.041139 -6.044801 -6.045412 -6.049074 -6.050905 -6.051515 -6.052126 -6.053346 -6.053346 -6.055788 
-6.056398 -6.057619 -6.067995 -6.071657 -6.075320 -6.078372 -6.079592 -6.079592 -6.081423 -6.082034 
-6.082034 -6.082644 -6.082644 -6.083865 -6.085086 -6.086306 -6.088137 -6.089358 -6.089969 -6.094241 
-6.094852 -6.096683 -6.097293 -6.097903 -6.097903 -6.099734 -6.104007 -6.104007 -6.104617 -6.107669 
-6.113773 -6.115604 -6.116825 -6.118656 -6.119266 -6.119266 -6.120487 -6.121708 -6.121708 -6.122318 
-6.123539 -6.124760 -6.130863 -6.130863 -6.133305 -6.138798 -6.139409 -6.139409 -6.144902 -6.145512 
-6.146733 -6.151006 -6.152837 -6.155278 -6.155889 -6.158940 -6.160772 -6.161382 -6.161992 -6.161992 
-6.164434 -6.166265 -6.166875 -6.167486 -6.168096 -6.168706 -6.171758 -6.172369 -6.176031 -6.179083 
-6.183355 -6.185797 -6.187017 -6.187628 -6.190680 -6.191290 -6.194952 -6.198004 -6.198614 -6.198614 
-6.202277 -6.202277 -6.204718 -6.204718 -6.207160 -6.207770 -6.207770 -6.208991 -6.208991 -6.210211 
-6.212653 -6.215094 -6.216315 -6.219367 -6.220588 -6.220588 -6.221198 -6.224250 -6.229133 -6.231574 
-6.232185 -6.232795 -6.233406 -6.240120 -6.240120 -6.240730 -6.244392 -6.249886 -6.252937 -6.253548 
-6.254769 -6.258431 -6.261483 -6.267586 -6.267586 -6.268807 -6.270638 -6.273690 -6.275521 -6.279794 
-6.281014 -6.281625 -6.284066 -6.285897 -6.286508 -6.286508 -6.287118 -6.288339 -6.288339 -6.288949 
-6.291391 -6.294443 -6.295053 -6.299936 -6.306040 -6.307871 -6.309091 -6.310923 -6.311533 -6.312754 
-6.316416 -6.316416 -6.316416 -6.317637 -6.318247 -6.318857 -6.318857 -6.320688 -6.321909 -6.326182 
-6.329234 -6.331065 -6.331065 -6.334117 -6.336558 -6.337779 -6.340220 -6.340220 -6.340220 -6.343272 
-6.344493 -6.346934 -6.346934 -6.351207 -6.352428 -6.353648 -6.354259 -6.356700 -6.358531 -6.360363 
-6.361583 -6.366466 -6.367077 -6.370739 -6.370739 -6.373180 -6.373791 -6.376232 -6.376232 -6.377453 
-6.378674 -6.382336 -6.383557 -6.385388 -6.389050 -6.392712 -6.393323 -6.395764 -6.398816 -6.398816 
-6.400647 -6.406140 -6.407971 -6.409192 -6.409803 -6.411023 -6.411023 -6.411634 -6.412244 -6.412854 
-6.414075 -6.417737 -6.419568 -6.421400 -6.425672 -6.426283 -6.428114 -6.430555 -6.431166 -6.433607 
-6.435438 -6.436048 -6.437269 -6.437880 -6.437880 -6.438490 -6.442763 -6.446425 -6.448256 -6.449477 
-6.452528 -6.454360 -6.455580 -6.458022 -6.458022 -6.459243 -6.462905 -6.464125 -6.465346 -6.465957 
-6.466567 -6.467177 -6.469619 -6.473891 -6.475723 -6.476943 -6.476943 -6.477554 -6.484268 -6.484268 
-6.487930 -6.490982 -6.492203 -6.494034 -6.495865 -6.498306 -6.500748 -6.505020 -6.505020 -6.511124 
-6.511734 -6.512345 -6.519669 -6.521500 -6.522721 -6.525773 -6.525773 -6.527604 -6.529435 -6.530656 
-6.531266 -6.532487 -6.533708 -6.535539 -6.537370 -6.539201 -6.540422 -6.541643 -6.541643 -6.544084 
-6.544694 -6.546525 -6.547136 -6.552629 -6.556902 -6.559343 -6.561785 -6.565447 -6.566057 -6.571551 
-6.571551 -6.575213 -6.575213 -6.575213 -6.575213 -6.577654 -6.578265 -6.578875 -6.579485 -6.580096 
-6.581927 -6.584979 -6.585589 -6.586200 -6.588031 -6.589251 -6.589251 -6.594134 -6.595355 -6.597186 
-6.603900 -6.605731 -6.610614 -6.610614 -6.611835 -6.612445 -6.615497 -6.616108 -6.617939 -6.619770 
-6.621601 -6.622822 -6.622822 -6.628925 -6.631367 -6.634419 -6.635640 -6.636860 -6.640522 -6.640522 
-6.642354 -6.644185 -6.651509 -6.652730 -6.656392 -6.661885 -6.671651 -6.672262 -6.673482 -6.674703 
-6.675314 -6.684469 -6.686300 -6.686300 -6.686911 -6.687521 -6.691183 -6.691794 -6.693014 -6.693625 
-6.695456 -6.697897 -6.700339 -6.700949 -6.704001 -6.710715 -6.711325 -6.711325 -6.712546 -6.712546 
-6.713157 -6.714377 -6.716819 -6.717429 -6.719260 -6.720481 -6.721091 -6.722312 -6.723533 -6.727805 
-6.730857 -6.732688 -6.733299 -6.735130 -6.738182 -6.738792 -6.744285 -6.744896 -6.745506 -6.745506 
-6.747337 -6.747337 -6.749779 -6.750389 -6.750999 -6.752220 -6.756493 -6.758934 -6.758934 -6.760155 
-6.760155 -6.765648 -6.769311 -6.769921 -6.773583 -6.774194 -6.777856 -6.780908 -6.785180 -6.788232 
-6.790063 -6.790063 -6.794946 -6.797998 -6.797998 -6.797998 -6.800439 -6.801050 -6.802271 -6.804712 
-6.805933 -6.805933 -6.807154 -6.809595 -6.813257 -6.815699 -6.816919 -6.817530 -6.818140 -6.818140 
-6.819971 -6.821192 -6.822413 -6.822413 -6.830348 -6.830958 -6.831568 -6.832179 -6.835841 -6.838893 
-6.841945 -6.845607 -6.847438 -6.851100 -6.858425 -6.860866 -6.860866 -6.861476 -6.863308 -6.868191 
-6.870022 -6.870632 -6.872463 -6.873684 -6.873684 -6.874294 -6.874905 -6.877346 -6.878567 -6.878567 
-6.882839 -6.886502 -6.887112 -6.887112 -6.887722 -6.889554 -6.890774 -6.890774 -6.891385 -6.896268 
-6.896878 -6.896878 -6.897488 -6.901761 -6.901761 -6.907865 -6.907865 -6.908475 -6.910306 -6.910916 
-6.912137 -6.912748 -6.915189 -6.915189 -6.915799 -6.919462 -6.919462 -6.928617 -6.929838 -6.929838 
-6.932279 -6.933500 -6.934721 -6.937162 -6.937773 -6.940214 -6.942656 -6.943876 -6.951201 -6.951811 
-6.952422 -6.953642 -6.957915 -6.960967 -6.964019 -6.964629 -6.966460 -6.970122 -6.970733 -6.971343 
-6.973785 -6.973785 -6.975616 -6.978668 -6.979888 -6.982940 -6.983551 -6.984161 -6.994537 -6.996979 
-7.001862 -7.002472 -7.003693 -7.004913 -7.007355 -7.008576 -7.009186 -7.012848 -7.014069 -7.014069 
-7.015290 -7.015900 -7.015900 -7.017731 -7.022004 -7.027497 -7.028718 -7.030549 -7.032380 -7.034822 
-7.035432 -7.036042 -7.039094 -7.043367 -7.043367 -7.043977 -7.044588 -7.045808 -7.048860 -7.058016 
-7.059236 -7.059847 -7.060457 -7.060457 -7.061068 -7.069002 -7.071444 -7.075716 -7.079379 -7.079379 
-7.080599 -7.081820 -7.081820 -7.082430 -7.083041 -7.084262 -7.086093 -7.087924 -7.088534 -7.088534 
-7.089145 -7.097079 -7.097690 -7.098910 -7.105014 -7.107456 -7.112949 -7.118442 -7.120273 -7.121494 
-7.122715 -7.125156 -7.126377 -7.126988 -7.128208 -7.130039 -7.133702 -7.139805 -7.142857 -7.144078 
-7.144688 -7.146519 -7.146519 -7.147740 -7.149571 -7.154454 -7.156285 -7.159337 -7.161779 -7.162389 
-7.168493 -7.172155 -7.172765 -7.174596 -7.174596 -7.176428 -7.178259 -7.181310 -7.182531 -7.183142 
-7.183752 -7.184362 -7.186804 -7.188635 -7.189245 -7.190466 -7.190466 -7.191687 -7.194739 -7.197180 
-7.202063 -7.208167 -7.209387 -7.211829 -7.211829 -7.213050 -7.213050 -7.214881 -7.215491 -7.217322 
-7.220374 -7.220985 -7.222816 -7.222816 -7.223426 -7.223426 -7.224036 -7.225867 -7.225867 -7.226478 
-7.226478 -7.226478 -7.227088 -7.227699 -7.228309 -7.228309 -7.228919 -7.234413 -7.236244 -7.236854 
-7.237465 -7.237465 -7.238075 -7.238685 -7.239296 -7.250282 -7.250282 -7.264321 -7.266152 -7.268593 
-7.269204 -7.271035 -7.271645 -7.280801 -7.283853 -7.286294 -7.286905 -7.288736 -7.289346 -7.296670 
-7.299112 -7.302164 -7.303385 -7.304605 -7.304605 -7.310099 -7.311319 -7.316202 -7.317423 -7.318644 
-7.324747 -7.325968 -7.329630 -7.332072 -7.337565 -7.338176 -7.339396 -7.340617 -7.341838 -7.342448 
-7.343059 -7.343059 -7.343669 -7.343669 -7.346110 -7.346110 -7.346721 -7.346721 -7.347331 -7.350993 
-7.356487 -7.356487 -7.358928 -7.359539 -7.360759 -7.361370 -7.363201 -7.366253 -7.366863 -7.367473 
-7.369915 -7.369915 -7.370525 -7.372967 -7.374187 -7.375408 -7.377239 -7.380291 -7.382733 -7.391278 
-7.391888 -7.394330 -7.394940 -7.397382 -7.401044 -7.405316 -7.405927 -7.407147 -7.412641 -7.420576 
-7.426679 -7.429121 -7.430952 -7.433393 -7.433393 -7.434004 -7.437666 -7.440718 -7.441328 -7.442549 
-7.446211 -7.448653 -7.448653 -7.449873 -7.449873 -7.450484 -7.451094 -7.451704 -7.452925 -7.454756 
-7.455367 -7.457198 -7.458419 -7.459029 -7.460250 -7.460250 -7.463912 -7.465133 -7.465133 -7.465133 
-7.465743 -7.470626 -7.471847 -7.471847 -7.473067 -7.474899 -7.475509 -7.476119 -7.476730 -7.481002 
-7.483444 -7.484054 -7.485885 -7.489547 -7.490158 -7.490158 -7.491379 -7.495651 -7.500534 -7.501755 
-7.501755 -7.502365 -7.506638 -7.513352 -7.515793 -7.517624 -7.522507 -7.524949 -7.525559 -7.526780 
-7.527390 -7.528001 -7.532884 -7.534104 -7.535936 -7.535936 -7.537156 -7.540208 -7.543870 -7.546312 
-7.548143 -7.550584 -7.551195 -7.551805 -7.553026 -7.553636 -7.553636 -7.555467 -7.559130 -7.567675 
-7.572558 -7.574389 -7.574999 -7.576220 -7.576830 -7.576830 -7.578661 -7.579882 -7.580493 -7.583544 
-7.583544 -7.584765 -7.587207 -7.587817 -7.590869 -7.596362 -7.597583 -7.598193 -7.598193 -7.598804 
-7.598804 -7.600635 -7.611011 -7.611011 -7.614063 -7.617725 -7.621387 -7.623829 -7.627491 -7.627491 
-7.628712 -7.629322 -7.629322 -7.629322 -7.633595 -7.640919 -7.647633 -7.654347 -7.654958 -7.655568 
-7.658010 -7.659841 -7.661672 -7.662282 -7.666555 -7.666555 -7.666555 -7.667776 -7.668386 -7.670217 
-7.673269 -7.676321 -7.676321 -7.676321 -7.677541 -7.678152 -7.678152 -7.679373 -7.680593 -7.683035 
-7.686087 -7.689138 -7.693411 -7.693411 -7.693411 -7.694021 -7.694632 -7.701346 -7.709281 -7.711722 
-7.714164 -7.717215 -7.721488 -7.722098 -7.722709 -7.722709 -7.726371 -7.730033 -7.731864 -7.734306 
-7.736137 -7.736747 -7.742851 -7.742851 -7.744682 -7.747124 -7.750175 -7.756279 -7.757500 -7.758721 
-7.759941 -7.760552 -7.760552 -7.761162 -7.762383 -7.766045 -7.767876 -7.769707 -7.772759 -7.778253 
-7.780084 -7.780694 -7.782525 -7.786798 -7.786798 -7.787408 -7.789850 -7.789850 -7.790460 -7.791070 
-7.795953 -7.796564 -7.797174 -7.797784 -7.798395 -7.802057 -7.802667 -7.803888 -7.806330 -7.808161 
-7.809381 -7.814264 -7.815485 -7.818537 -7.818537 -7.819758 -7.822199 -7.823420 -7.825251 -7.825861 
-7.827082 -7.827692 -7.830744 -7.832575 -7.832575 -7.833796 -7.836238 -7.845393 -7.846004 -7.853328 
-7.857601 -7.858211 -7.861263 -7.861263 -7.861873 -7.862484 -7.863704 -7.866756 -7.866756 -7.872250 
-7.873470 -7.875912 -7.877743 -7.880184 -7.885067 -7.888730 -7.889340 -7.889950 -7.891781 -7.894223 
-7.898495 -7.898495 -7.899716 -7.900937 -7.902158 -7.902768 -7.903378 -7.903989 -7.905210 -7.905210 
-7.907041 -7.908872 -7.909482 -7.914975 -7.916807 -7.919248 -7.920469 -7.921690 -7.922300 -7.932676 
-7.933287 -7.933897 -7.937559 -7.940001 -7.944884 -7.948546 -7.952208 -7.953429 -7.964415 -7.965636 
-7.965636 -7.966247 -7.968688 -7.968688 -7.968688 -7.969298 -7.969909 -7.971740 -7.972350 -7.975402 
-7.976012 -7.979064 -7.980895 -7.982116 -7.983947 -7.983947 -7.985168 -7.987609 -7.994324 -7.994934 
-7.994934 -7.998596 -7.999817 -7.999817 -8.002258 -8.002258 -8.008972 -8.012635 -8.019959 -8.021790 
-8.026673 -8.027894 -8.029115 -8.030335 -8.030946 -8.030946 -8.036439 -8.041322 -8.041932 -8.043764 
-8.048647 -8.049867 -8.053529 -8.053529 -8.054140 -8.058412 -8.059633 -8.060244 -8.066347 -8.068789 
-8.069399 -8.070620 -8.071230 -8.073672 -8.074282 -8.075503 -8.077334 -8.078555 -8.081606 -8.085269 
-8.088931 -8.092593 -8.093204 -8.093204 -8.095645 -8.096255 -8.098086 -8.099307 -8.101138 -8.107852 
-8.112735 -8.113346 -8.113346 -8.113956 -8.117008 -8.126164 -8.129826 -8.136540 -8.136540 -8.137150 
-8.143254 -8.143254 -8.148137 -8.150578 -8.152409 -8.152409 -8.153630 -8.156072 -8.159124 -8.159124 
-8.160955 -8.165227 -8.165838 -8.165838 -8.167669 -8.172552 -8.172552 -8.174993 -8.174993 -8.175604 
-8.176214 -8.176824 -8.177435 -8.180486 -8.181707 -8.182318 -8.182928 -8.183538 -8.185369 -8.187201 
-8.189642 -8.191473 -8.193304 -8.193915 -8.194525 -8.194525 -8.195135 -8.196356 -8.201849 -8.201849 
-8.203070 -8.206732 -8.209784 -8.215278 -8.216498 -8.217109 -8.219550 -8.226264 -8.228095 -8.228095 
-8.228706 -8.229926 -8.231758 -8.232368 -8.243965 -8.244575 -8.245186 -8.247017 -8.248238 -8.248238 
-8.251900 -8.253731 -8.255562 -8.256783 -8.258003 -8.258003 -8.258003 -8.259835 -8.265938 -8.267159 
-8.267159 -8.268990 -8.276925 -8.277535 -8.278756 -8.282418 -8.289743 -8.290963 -8.290963 -8.292184 
-8.295846 -8.296457 -8.296457 -8.297067 -8.298898 -8.299509 -8.302561 -8.303781 -8.303781 -8.305612 
-8.311106 -8.311106 -8.315378 -8.320872 -8.325144 -8.331248 -8.333689 -8.334300 -8.335520 -8.336741 
-8.340403 -8.342845 -8.347118 -8.349559 -8.352611 -8.356883 -8.359935 -8.362377 -8.362377 -8.365429 
-8.367260 -8.367260 -8.377026 -8.377026 -8.378246 -8.380078 -8.380078 -8.383740 -8.388012 -8.392285 
-8.395947 -8.399609 -8.404492 -8.408155 -8.416700 -8.416700 -8.420972 -8.422193 -8.425855 -8.428297 
-8.428907 -8.433180 -8.434400 -8.435621 -8.438673 -8.442946 -8.443556 -8.449049 -8.449660 -8.450270 
-8.450880 -8.454543 -8.455153 -8.455153 -8.458815 -8.459426 -8.460036 -8.460646 -8.461867 -8.461867 
-8.461867 -8.461867 -8.462477 -8.463088 -8.463088 -8.469802 -8.471023 -8.472854 -8.486282 -8.487503 
-8.487503 -8.489334 -8.493606 -8.494217 -8.502762 -8.504593 -8.505814 -8.507645 -8.509476 -8.510697 
-8.511917 -8.513138 -8.513138 -8.515580 -8.516800 -8.518021 -8.524125 -8.524735 -8.528397 -8.530839 
-8.533891 -8.536943 -8.537553 -8.538774 -8.541826 -8.545488 -8.545488 -8.547929 -8.552202 -8.552202 
-8.552812 -8.552812 -8.554033 -8.557085 -8.557695 -8.559526 -8.561357 -8.561357 -8.563189 -8.566851 
-8.569292 -8.571123 -8.573565 -8.580889 -8.582720 -8.585772 -8.587603 -8.588214 -8.589434 -8.589434 
-8.591266 -8.593707 -8.593707 -8.594317 -8.594928 -8.596149 -8.596149 -8.597369 -8.597369 -8.597980 
-8.597980 -8.598590 -8.603473 -8.606525 -8.610187 -8.612629 -8.616291 -8.618732 -8.618732 -8.621174 
-8.625446 -8.626667 -8.627277 -8.631550 -8.632160 -8.633381 -8.635212 -8.636433 -8.637043 -8.637654 
-8.638264 -8.639485 -8.649861 -8.650472 -8.651082 -8.654134 -8.654744 -8.655965 -8.657796 -8.659017 
-8.659627 -8.660237 -8.660848 -8.661458 -8.663289 -8.663289 -8.670614 -8.671224 -8.671834 -8.671834 
-8.672445 -8.673666 -8.673666 -8.678549 -8.679769 -8.680990 -8.680990 -8.681600 -8.689535 -8.693197 
-8.695639 -8.696860 -8.697470 -8.697470 -8.698080 -8.699301 -8.702353 -8.705405 -8.711509 -8.718223 
-8.719443 -8.720054 -8.720664 -8.720664 -8.721274 -8.729209 -8.735923 -8.737144 -8.737144 -8.737144 
-8.739586 -8.740196 -8.742637 -8.746300 -8.748741 -8.749351 -8.749962 -8.753014 -8.758507 -8.759117 
-8.761559 -8.763390 -8.763390 -8.764611 -8.764611 -8.765221 -8.765831 -8.767663 -8.769494 -8.770104 
-8.770714 -8.775597 -8.779260 -8.780480 -8.782922 -8.786584 -8.789026 -8.789026 -8.789636 -8.789636 
-8.790857 -8.793909 -8.793909 -8.796960 -8.799402 -8.801233 -8.801843 -8.803064 -8.803064 -8.805506 
-8.810389 -8.812220 -8.813440 -8.815271 -8.817713 -8.821986 -8.825648 -8.826868 -8.827479 -8.827479 
-8.827479 -8.827479 -8.829310 -8.831751 -8.834803 -8.836024 -8.840907 -8.846400 -8.850063 -8.853725 
-8.854335 -8.855556 -8.858608 -8.858608 -8.859828 -8.866543 -8.867153 -8.867153 -8.873257 -8.873867 
-8.873867 -8.874477 -8.875698 -8.877529 -8.878750 -8.879971 -8.880581 -8.884854 -8.885464 -8.889737 
-8.889737 -8.892788 -8.893399 -8.894620 -8.898282 -8.901944 -8.911100 -8.911710 -8.912931 -8.914762 
-8.914762 -8.917203 -8.925138 -8.926359 -8.926969 -8.931242 -8.931852 -8.933683 -8.934294 -8.935514 
-8.942228 -8.948332 -8.955657 -8.956877 -8.958098 -8.959929 -8.960540 -8.961760 -8.962981 -8.963591 
-8.963591 -8.964202 -8.964202 -8.964812 -8.967254 -8.972137 -8.972747 -8.976409 -8.977020 -8.980682 
-8.982513 -8.984954 -8.984954 -8.986785 -8.988617 -8.988617 -8.991058 -8.992279 -8.992889 -8.992889 
-8.994720 -8.998383 -8.998993 -9.001434 -9.001434 -9.002655 -9.003265 -9.004486 -9.008759 -9.012421 
-9.014863 -9.014863 -9.022187 -9.022797 -9.023408 -9.024018 -9.025239 -9.027680 -9.027680 -9.028291 
-9.031953 -9.033784 -9.033784 -9.042940 -9.049654 -9.051485 -9.052095 -9.052705 -9.053316 -9.054537 
-9.055147 -9.056978 -9.057588 -9.060030 -9.061861 -9.063692 -9.065523 -9.067354 -9.069796 -9.070406 
-9.071017 -9.072848 -9.073458 -9.074068 -9.074679 -9.074679 -9.076510 -9.083834 -9.086886 -9.088717 
-9.092990 -9.094821 -9.107028 -9.107028 -9.109470 -9.110080 -9.113132 -9.114963 -9.119236 -9.123508 
-9.129002 -9.130222 -9.131443 -9.133274 -9.133885 -9.134495 -9.135716 -9.139378 -9.146092 -9.159520 
-9.160741 -9.161962 -9.165624 -9.165624 -9.169897 -9.172948 -9.174169 -9.176000 -9.180273 -9.180883 
-9.183935 -9.185156 -9.185156 -9.186377 -9.186987 -9.186987 -9.191870 -9.192480 -9.192480 -9.193701 
-9.196142 -9.197363 -9.199805 -9.200415 -9.201025 -9.201025 -9.203467 -9.207739 -9.208960 -9.212622 
-9.213843 -9.222388 -9.222999 -9.224830 -9.227271 -9.233375 -9.237648 -9.238868 -9.240699 -9.240699 
-9.240699 -9.244362 -9.246803 -9.247414 -9.249855 -9.250465 -9.254128 -9.254128 -9.255959 -9.256569 
-9.258400 -9.260842 -9.263283 -9.263894 -9.267556 -9.268166 -9.269997 -9.272439 -9.273049 -9.275491 
-9.277322 -9.277322 -9.277932 -9.277932 -9.281594 -9.283425 -9.285867 -9.287088 -9.287088 -9.287698 
-9.288308 -9.291971 -9.294412 -9.296854 -9.302347 -9.304178 -9.304178 -9.304788 -9.305399 -9.306009 
-9.307840 -9.309061 -9.315165 -9.315165 -9.319437 -9.324931 -9.329814 -9.330424 -9.330424 -9.331034 
-9.331645 -9.334696 -9.334696 -9.337138 -9.342021 -9.342631 -9.345683 -9.346904 -9.346904 -9.348735 
-9.349345 -9.349345 -9.349345 -9.354228 -9.354228 -9.359111 -9.361553 -9.366436 -9.366436 -9.370708 
-9.371319 -9.375591 -9.378033 -9.378643 -9.379254 -9.381085 -9.384747 -9.385968 -9.385968 -9.390240 
-9.392682 -9.394513 -9.395123 -9.401227 -9.402448 -9.404279 -9.404279 -9.407941 -9.409162 -9.409772 
-9.410382 -9.411603 -9.412214 -9.417707 -9.418928 -9.418928 -9.419538 -9.421979 -9.427473 -9.427473 
-9.428083 -9.429914 -9.429914 -9.431135 -9.431745 -9.431745 -9.431745 -9.434187 -9.436018 -9.439680 
-9.442122 -9.443342 -9.443342 -9.443953 -9.446394 -9.447615 -9.448836 -9.448836 -9.448836 -9.450667 
-9.453719 -9.454329 -9.455550 -9.456160 -9.459212 -9.459212 -9.459822 -9.461653 -9.464095 -9.469588 
-9.470809 -9.473861 -9.475082 -9.476913 -9.476913 -9.478133 -9.481796 -9.481796 -9.489120 -9.491562 
-9.492172 -9.492782 -9.493393 -9.493393 -9.504990 -9.506211 -9.509262 -9.509262 -9.511093 -9.512314 
-9.515366 -9.518418 -9.521470 -9.521470 -9.522691 -9.522691 -9.522691 -9.523301 -9.526963 -9.527573 
-9.528184 -9.528794 -9.532456 -9.533067 -9.534898 -9.538560 -9.539781 -9.541002 -9.542833 -9.544053 
-9.545885 -9.549547 -9.550768 -9.551378 -9.553819 -9.555040 -9.555651 -9.558702 -9.559313 -9.560533 
-9.561754 -9.564806 -9.567248 -9.568468 -9.570910 -9.571520 -9.572130 -9.574572 -9.575793 -9.577624 
-9.579455 -9.580676 -9.584338 -9.584948 -9.584948 -9.586169 -9.589831 -9.591052 -9.596545 -9.598376 
-9.599597 -9.600208 -9.602039 -9.604480 -9.605090 -9.605090 -9.606922 -9.608142 -9.609363 -9.609973 
-9.609973 -9.611194 -9.611194 -9.613025 -9.614246 -9.617908 -9.622791 -9.623402 -9.625843 -9.630726 
-9.631947 -9.631947 -9.633778 -9.634388 -9.641713 -9.641713 -9.643544 -9.644154 -9.644765 -9.645985 
-9.645985 -9.650868 -9.650868 -9.653310 -9.653310 -9.655751 -9.656362 -9.657582 -9.657582 -9.659413 
-9.663076 -9.663076 -9.664907 -9.667959 -9.672231 -9.672231 -9.672842 -9.674673 -9.674673 -9.676504 
-9.678335 -9.678945 -9.682608 -9.684439 -9.685049 -9.688101 -9.688711 -9.690542 -9.691763 -9.691763 
-9.691763 -9.692984 -9.696646 -9.697256 -9.699087 -9.703360 -9.706412 -9.707633 -9.710074 -9.711905 
-9.711905 -9.713126 -9.714957 -9.722282 -9.722282 -9.725333 -9.725944 -9.726554 -9.727165 -9.727775 
-9.728385 -9.730216 -9.730827 -9.733268 -9.734489 -9.734489 -9.739982 -9.741203 -9.749138 -9.749748 
-9.757073 -9.763176 -9.763787 -9.766228 -9.766228 -9.769280 -9.771722 -9.772942 -9.773553 -9.776605 
-9.778436 -9.779656 -9.782098 -9.785150 -9.786370 -9.791253 -9.791253 -9.791253 -9.792474 -9.795526 
-9.796136 -9.797357 -9.799188 -9.799188 -9.799799 -9.799799 -9.802240 -9.802240 -9.802850 -9.803461 
-9.804682 -9.805292 -9.809565 -9.810175 -9.810785 -9.815058 -9.815668 -9.815668 -9.821162 -9.824213 
-9.830317 -9.832759 -9.834590 -9.835810 -9.837031 -9.838252 -9.838862 -9.843135 -9.845576 -9.849239 
-9.857784 -9.858394 -9.868160 -9.871822 -9.873653 -9.876705 -9.877316 -9.879757 -9.881588 -9.881588 
-9.882199 -9.884640 -9.885250 -9.889523 -9.890133 -9.891354 -9.894406 -9.894406 -9.896847 -9.897458 
-9.904172 -9.906613 -9.907834 -9.909055 -9.912107 -9.915159 -9.916379 -9.917600 -9.918210 -9.918210 
-9.924314 -9.924924 -9.928587 -9.929807 -9.931639 -9.933470 -9.933470 -9.934690 -9.936522 -9.936522 
-9.938353 -9.943236 -9.945067 -9.954222 -9.956053 -9.956664 -9.956664 -9.957884 -9.962157 -9.963988 
-9.966430 -9.966430 -9.967040 -9.968261 -9.968261 -9.968871 -9.973754 -9.974975 -9.978637 -9.981079 
-9.982910 -9.986572 -9.986572 -9.986572 -9.986572 -9.988403 -9.990844 -9.992676 -9.997559 -10.000000 
