6.541643 -6.691183 -1.638539 4.782556 -2.154302 0.495926 0.571001 5.632801 -3.506272 -9.938353 
8.039491 -3.355510 -2.535173 2.352062 -6.119266 6.023438 3.501999 -2.923978 5.148778 4.066591 
-0.657064 3.116245 -4.091006 -3.566698 -5.571764 2.902615 -3.386029 8.538774 -7.789850 -3.010651 
2.878811 -8.290963 -5.813471 4.444411 -3.195593 -8.278756 -3.209021 4.690390 3.964049 -9.656362 
9.254128 -3.589892 -0.826746 0.520341 -9.431135 -0.844447 4.181951 5.801874 -6.312754 -6.733299 
-9.602039 4.667196 -4.944304 3.744926 9.782098 -9.650868 -2.358165 3.691824 7.023225 6.794946 
5.552843 2.943510 -3.862117 -8.618732 -1.616565 -2.472304 -5.400861 5.018769 3.418378 5.563829 
-1.863155 0.252998 -6.194952 5.234840 9.323099 8.012024 -9.165624 0.452589 3.071688 -6.398816 
-1.556139 9.844966 2.179327 2.585833 8.073061 4.689169 6.029542 7.179479 1.994995 -8.587603 
5.582141 -6.233406 -6.744896 4.291818 7.784356 2.182379 -9.672842 3.969543 2.512589 -2.625507 
4.627522 7.419355 -4.814905 4.074526 9.001434 4.978484 -1.838130 5.100558 5.317240 -9.924314 
4.051943 -6.082034 9.280984 -2.715232 -5.928220 2.085330 -9.395123 -5.687735 4.559160 -7.797784 
-3.346965 3.570360 4.775842 -3.002106 -2.312998 -1.070284 9.130833 -4.828944 1.840571 -6.693625 
-3.064364 4.614093 -2.057863 2.683493 2.829371 3.649709 -5.681021 2.208014 -9.012421 0.892056 
-8.303781 -0.015564 -3.751030 4.374828 -1.668447 4.184393 5.280007 -9.447615 5.489975 9.105197 
0.903043 3.821223 -8.594317 -4.205756 2.714011 7.158727 -8.159124 -7.121494 7.116001 -5.468001 
5.368511 -6.800439 -0.114444 5.688345 -8.487503 -8.093204 4.413282 -6.055788 9.861446 1.615955 
-1.277200 7.618946 -1.720939 -9.739982 4.413282 -4.282662 -1.645253 -2.732322 0.632038 -1.498154 
6.190069 -6.320688 6.218757 -6.435438 -3.331095 1.840571 3.133335 -1.958983 -0.664998 0.283517 
4.303415 -2.424696 -6.017335 9.436018 -0.996429 2.671285 4.113590 3.768120 -1.094089 3.049104 
-3.645436 6.020386 -2.084109 0.636921 3.995788 9.111911 8.921476 -8.180486 2.734764 1.383404 
-9.417707 -0.430616 -3.209632 0.777306 7.288125 6.085696 3.481857 -6.411634 -4.606769 6.565447 
-5.588244 3.415326 -1.118503 -5.264748 1.380352 5.924558 7.556688 0.763878 5.143284 -4.932096 
0.903653 -7.819758 -4.847255 -3.637501 -9.260842 -1.572008 -1.598865 -7.128208 5.773797 9.677725 
5.479598 -0.494705 -8.789026 -9.481796 -7.994934 -8.739586 6.518448 -0.838343 3.509934 1.042207 
-5.520493 -7.225867 1.941282 -7.332072 4.664144 9.572130 1.881466 4.703818 4.435865 8.291574 
-5.374004 -9.267556 0.625324 -4.321726 8.233589 -8.289743 4.991302 2.598651 1.676382 5.999023 
6.596576 -0.586261 1.223487 -7.269204 4.221015 -8.763390 -2.829981 -5.880001 1.942503 3.697928 
9.043550 -7.667776 1.002533 -0.161443 -2.585223 6.564226 -8.911100 -1.231422 -9.567248 5.933103 
-5.842158 -3.296304 3.213294 3.815119 3.915220 1.009247 -1.801508 9.256569 -5.906247 -2.120731 
4.627522 1.075167 -1.360210 4.274728 5.225684 0.285348 -3.058870 4.737388 8.247017 6.469619 
7.216712 3.721732 -7.003693 -6.286508 1.197241 -5.949583 6.951201 -8.251900 3.221229 -7.863704 
2.605976 7.899716 6.865139 0.576495 -7.823420 -4.509110 -7.756279 8.764000 8.275094 4.318064 
-2.904447 -7.872250 8.685263 -1.191137 4.781335 0.632038 -6.631367 -0.483108 2.326426 -2.843410 
-8.177435 -6.452528 -8.377026 -3.614307 8.910489 9.566637 6.924345 4.830775 7.293619 2.991119 
1.747185 -7.391278 -5.403302 7.014069 -1.676382 -2.391125 -6.581927 -4.936979 2.706076 -7.343059 
2.316660 -9.663076 -1.330912 -3.675344 5.904416 8.033998 3.520920 -2.015748 2.162236 5.898312 
-1.044038 -2.241585 5.110324 8.720054 0.070498 -8.030946 -9.051485 2.394177 -4.331492 4.721519 
5.809809 3.187658 2.981964 -3.754082 3.226722 -2.187872 9.924924 8.627277 9.461043 -0.042421 
8.021180 -0.468459 4.800256 -1.117893 9.112522 4.576861 -1.033662 5.707266 8.984954 -1.047700 
8.740806 -6.971343 -8.967254 -1.069063 -4.054994 -6.525773 -6.910916 -6.124760 -6.097293 -7.172155 
-9.459212 9.392071 0.493484 3.358562 -1.137425 -7.767876 5.942259 -7.043977 8.685873 -2.419202 
-6.546525 -4.274117 -3.466597 9.351787 0.828578 -0.356151 4.348582 -5.885495 1.176489 -3.087558 
-9.076510 -0.715659 -9.139378 -7.367473 8.388012 -3.815119 2.790307 -2.574236 6.838282 -1.368145 
-6.813257 -0.376904 0.277413 -2.363048 -0.036927 2.649922 -3.046052 2.877590 0.814539 3.231605 
7.247230 -8.454543 9.172338 -3.954894 -7.786798 -4.791711 -3.871273 0.441603 5.924558 5.296487 
-3.534349 -5.142674 -5.285501 7.851497 6.909085 -5.442976 6.473281 8.160344 -5.268410 -1.686148 
-6.901761 -4.106876 4.841762 -0.341502 -0.763268 -8.625446 3.461104 8.331248 0.444044 3.615528 
6.539811 -2.450941 3.876766 0.721763 -8.984954 2.717673 -5.344096 3.318278 -2.946562 7.216102 
1.013520 1.601917 -0.610065 0.874966 1.357158 6.650899 -4.108707 6.777245 6.369518 -3.381756 
-8.518021 2.002319 -0.722983 8.436842 5.532090 7.939390 7.405927 -4.349803 0.856044 -4.200873 
8.145695 3.006378 2.438734 2.945952 2.465590 -1.566515 4.007385 5.669424 -0.920133 -6.978668 
-9.418928 4.035463 2.414319 9.638661 -4.871059 4.423048 7.477950 -9.196142 -2.555925 -4.609210 
-5.220191 6.447035 3.378094 2.480239 8.407544 -7.833796 -7.452925 -2.405164 -9.606922 -1.368755 
-7.359539 8.573565 -5.502182 2.735374 8.459426 4.582354 -7.470626 1.131932 3.797418 2.952666 
-3.669851 -3.215735 4.313181 -6.908475 8.548540 -0.862758 -0.511185 3.085116 5.327616 8.560137 
-8.175604 4.621418 4.033631 5.659047 -8.618732 1.861934 -0.854213 -3.890805 3.802911 -0.118717 
-0.563677 -8.388012 9.934080 -1.700186 9.564806 -2.389904 5.170751 5.744499 9.212012 8.392895 
-3.339030 0.743126 -7.122715 0.196844 6.478164 -5.297708 3.464766 2.955107 -1.099582 2.568743 
2.782983 1.288797 -0.083316 -3.182165 -7.914975 5.392315 7.079989 -9.613025 5.775018 2.420423 
-2.161016 4.177679 -8.606525 9.011811 -5.521714 4.748985 -0.966521 -4.432814 -6.229133 7.843562 
-6.722312 2.914212 -0.503861 -6.656392 -9.185156 1.975463 5.927610 7.310709 -3.165075 -2.927030 
-9.580676 -3.293252 3.343913 3.488571 3.229774 -7.546312 2.513810 -0.090640 -7.316202 6.420179 
-1.798456 6.377453 -6.179083 -2.011475 8.752403 8.374584 -1.357768 -4.183782 4.218574 -2.334361 
-3.919492 -9.584338 -8.880581 -9.476913 -0.171209 3.181555 7.864315 -6.039308 -7.861263 7.482223 
3.958556 0.597247 1.726432 7.458419 6.137577 2.781152 3.897519 -9.871822 4.523148 6.598407 
1.031831 -3.550218 1.958373 -3.617359 -8.461867 6.944487 -0.378735 -9.631947 5.418561 7.522507 
2.057863 -1.910764 -5.454573 -8.877529 -5.246437 0.169988 -4.192938 0.806604 -2.632221 1.119114 
-4.784387 9.911496 5.757317 -4.240547 -8.873257 4.905240 5.913572 -0.086367 4.678182 6.564837 
-7.058016 5.970946 -4.415723 -4.909513 -1.797845 -6.034425 -8.593707 -5.200049 -2.264168 -1.211890 
8.425855 4.012268 5.115207 4.148381 -7.762383 5.750603 1.821650 3.928648 -3.794366 4.897305 
8.297678 1.540880 5.885495 7.413862 8.779260 7.916807 7.552416 7.255776 -6.951201 8.758507 
8.956267 -3.389080 8.225654 1.665395 -9.570910 5.081637 3.715629 -6.220588 -5.534532 3.436079 
2.457656 0.552690 -8.093204 -2.443617 1.578722 -3.722953 -7.146519 8.209784 -4.410230 -3.000275 
0.424512 2.255013 5.246437 6.441542 -4.500565 -9.067354 5.196997 5.549791 -9.443342 0.843226 
-6.455580 -3.688772 0.739463 -6.758934 -3.548387 0.444655 -9.722282 -2.713401 -9.094821 3.602710 
2.380139 -7.144688 -1.228980 5.706046 -9.269997 8.551592 -4.737999 8.035829 0.713828 -9.464095 
4.950407 -2.291025 -1.512192 7.805719 8.435621 0.162053 -3.963439 9.536119 -7.191687 0.265206 
-9.678335 0.125431 9.025849 2.695700 4.662923 7.554857 9.326151 -7.803888 -9.532456 -9.304178 
7.805109 4.338206 -2.560198 1.189917 -2.713401 7.416913 -9.611194 5.516831 5.604724 6.108280 
0.764489 2.891629 4.419996 7.506638 -8.955657 4.601886 -6.291391 0.168767 0.098575 -9.584948 
-4.963225 6.794336 7.653737 7.685476 -3.256020 1.158177 5.984985 8.774377 4.175848 9.933470 
-3.039949 -7.576830 -1.930296 -9.986572 2.560808 4.693442 -5.760369 1.978515 7.001251 5.098117 
7.668386 -9.696646 -1.421857 -6.437880 -5.861080 -9.033784 9.370098 3.820002 -7.463912 -2.947783 
0.913419 -1.111789 0.929899 2.994171 -6.017945 -5.769524 9.575793 -1.929075 -9.411603 4.248482 
3.956114 9.792474 6.342662 -2.292245 0.983001 7.784356 1.282693 -2.253792 -8.509476 8.810999 
7.310099 -7.933897 -7.858211 -6.442763 0.350047 8.959319 -0.124821 -4.209418 -4.637898 4.762413 
-7.987609 -5.471664 -7.666555 -1.603137 5.160375 9.845576 -8.637043 -1.404767 -3.979308 -7.069002 
4.983978 -0.548418 -2.753685 -8.962981 5.826899 9.914548 -8.547929 -2.073733 -2.229987 -7.147740 
-3.475143 -9.542833 8.684042 -0.683309 5.340434 1.929075 -7.098910 -6.382336 -6.979888 -7.197180 
1.546983 -5.145116 -5.142674 9.437849 8.836634 -9.491562 8.026063 -8.545488 -7.522507 7.737358 
0.206000 -1.639760 -3.696707 -2.018189 -1.750237 -3.945128 -6.750999 0.531327 0.008850 -6.155889 
-3.186438 0.643025 2.453383 -7.412641 -0.884732 7.869808 9.201025 -5.397198 3.679006 -9.799799 
-9.410382 -4.045839 -8.926969 9.650258 -0.584429 -8.253731 5.524155 -5.083468 -4.550615 -4.946745 
0.630818 -3.262123 1.882076 0.105899 -7.694021 1.563463 6.796777 -9.641713 -2.927641 9.173559 
-7.189245 2.065798 3.828547 9.873043 8.010193 3.995178 -2.776879 6.871242 1.286355 3.888974 
0.753502 -0.507523 -4.773400 2.319712 -2.284921 -7.176428 -0.343333 4.545122 -1.874752 9.437849 
-1.020234 -9.001434 9.754021 8.807337 -3.575243 -2.959990 1.377300 -9.956664 8.339793 2.585223 
-3.617359 3.580126 -8.359935 2.245247 4.853359 7.421186 -2.444227 -3.401898 -7.750175 -6.409192 
-5.213477 -4.779504 -7.178259 0.404981 -4.803919 -7.900937 5.872066 -3.821223 5.175634 4.049501 
2.991119 -9.986572 -4.211859 -7.228919 4.402295 -4.723350 -5.164037 1.160009 -7.476119 1.397443 
-6.041139 4.498733 0.892666 -0.384838 -6.096683 7.159948 6.555071 -1.707511 1.076998 5.441755 
4.064150 -6.575213 -1.485336 7.159337 9.205908 9.974975 4.391308 8.618122 -9.431745 -0.358592 
1.191748 -0.400098 -2.899564 -9.287088 8.673666 -3.022248 -0.243843 -4.394971 3.740654 -2.412488 
-4.619587 -8.277535 0.358592 -9.014863 -9.061861 1.268044 -7.366253 2.713401 -3.777886 5.617542 
-5.817743 8.694418 3.159581 -0.105899 -3.091830 -8.612629 -0.149846 3.362224 2.327647 -1.673940 
-2.545549 -8.737144 8.550981 -6.336558 -1.945555 3.727836 6.058840 3.350017 1.621448 -2.624287 
5.389874 4.570147 0.206000 -4.756310 9.866939 0.059511 -2.517472 0.653401 -3.511765 7.934507 
1.770989 -9.349345 -1.891232 7.650075 -9.346904 -5.356914 -9.968261 -7.283853 -4.672689 -6.146733 
-5.853145 -9.201025 2.803735 7.221595 3.721122 1.830195 4.082461 -0.625324 1.991333 -5.256203 
6.429334 -3.704031 -2.339854 -6.521500 -2.116459 4.308908 -9.561754 -7.142857 2.112186 -1.990112 
9.749138 -5.024262 -8.259835 -7.228309 -0.284738 6.727805 -1.711173 7.443159 -6.426283 9.079562 
6.833399 -7.139805 -9.384747 -1.262551 -6.484268 -8.182928 -1.201514 -7.183752 -5.964843 6.097293 
-3.856624 -2.858669 1.235084 -3.801080 -5.948363 8.811609 -0.076601 9.391461 -4.347362 -6.358531 
-2.961821 1.702017 -7.677541 9.116794 -4.703818 9.487289 -8.511917 -6.529435 8.435011 -3.811457 
-1.152684 -8.463088 6.189459 9.918210 8.126164 -2.034059 7.116001 -2.522355 1.501816 8.462477 
7.391278 -9.538560 -6.185797 -0.351878 3.719291 9.043550 3.691214 8.190252 -1.542711 -0.909757 
4.713584 9.801630 5.098727 8.218940 -0.257881 8.759117 2.228156 -3.575854 -8.462477 -1.450545 
-5.916013 6.901761 -7.209387 4.273507 5.842158 -7.311319 8.694418 7.434614 -8.248238 4.755089 
-4.823450 3.733329 4.252754 -2.839137 5.926389 -5.504013 2.187872 -5.088961 -8.670614 2.361827 
6.245613 0.128483 2.449721 -8.152409 -0.245674 2.175054 3.164464 5.431990 2.951445 7.340007 
3.599048 -4.243599 -1.145360 -6.273690 -2.032228 4.598224 -1.138035 6.957915 -0.038148 9.219337 
6.199225 2.325205 -1.208228 6.721702 5.347758 9.013031 9.026460 -2.958159 -4.428541 2.010865 
-2.657247 -4.802087 -3.328654 -2.644429 -0.684530 -6.580096 5.093234 -3.690603 9.371929 3.788873 
8.505814 -5.887326 -2.968535 2.011475 -3.010651 -1.065401 -7.433393 2.945952 -1.054415 -3.363445 
-4.803919 8.519242 -0.143132 6.990265 6.943266 -1.358379 -7.972350 6.959136 5.288553 5.767083 
-6.575213 6.675924 -2.269051 3.697317 3.744316 -6.254769 -8.610187 -8.720664 -4.174017 -8.513138 
0.771203 1.608020 -9.443953 6.749168 6.822413 -2.641987 -6.642354 -7.079379 -9.598376 2.876370 
0.414747 3.761406 -6.712546 -6.340220 -7.250282 3.677175 9.849849 -6.164434 6.271859 -9.933470 
2.510147 2.277596 -4.069643 -6.636860 4.121525 -2.020020 2.096316 -9.604480 0.378124 5.314798 
-2.709128 -3.304239 -4.604328 9.793085 1.393780 -6.622822 -6.419568 4.965056 3.451949 -5.794549 
0.910367 1.073946 -1.784417 8.492996 -1.246681 -3.907895 -4.473098 5.437483 -6.644185 -0.231635 
-9.319437 -4.471267 -5.886105 -8.695639 -6.107669 -5.343486 3.764458 1.294290 6.988433 6.530656 
-6.392712 -1.462752 5.449690 9.051485 6.901761 -7.629322 -6.067995 0.252998 3.542283 -8.873867 
-6.610614 9.434797 9.156468 7.347942 7.919248 9.118015 1.734977 -9.609973 9.463485 -6.552629 
-1.068453 -2.969146 8.483840 -1.337016 -0.851772 0.705893 8.742637 -8.735923 -0.464187 -9.988403 
-5.697501 -0.502029 4.033021 -2.913602 6.888333 -6.207770 4.571368 6.497085 1.711783 -8.244575 
8.567461 5.262307 -0.085147 -6.621601 -4.171575 4.633015 5.721915 2.046876 -2.000488 -5.744499 
6.457411 -2.989898 3.672292 -0.661336 3.532517 -7.089145 2.285531 1.461531 -7.465133 -7.982116 
9.937132 -6.370739 0.549028 4.772790 -9.766228 -9.776605 -1.181372 4.282662 -6.687521 2.447890 
-1.101413 -9.609363 6.141850 -0.085147 -9.605090 8.933073 -2.760399 8.989227 8.444777 1.816156 
8.937956 8.512528 9.034394 -6.449477 0.296945 -6.466567 0.304270 9.841304 -6.176031 7.678762 
7.952208 -6.122318 9.093600 -5.229957 2.860500 -4.047670 -3.586230 -9.663076 9.078951 2.012085 
-6.343272 3.627735 0.281075 -3.212073 -0.625324 -9.246803 2.824488 7.117832 5.329447 9.600818 
-6.465957 1.087374 1.567125 -2.889187 -9.657582 8.623005 -2.849513 -0.419630 3.901791 -0.856044 
9.686270 -3.412275 8.298288 1.924802 6.756493 9.180273 -1.004364 4.761193 -7.597583 -7.060457 
-3.870052 -3.404950 1.762444 6.564226 1.275979 9.702750 -2.997833 -3.426923 5.820795 7.079379 
7.659841 8.777429 -0.937834 -9.354228 8.528397 7.126988 -5.842158 -4.098941 -1.796625 -9.429914 
0.052797 8.638874 -8.580889 8.547319 -2.495499 9.368267 8.301950 5.731681 7.340007 1.047700 
-6.346934 -3.331095 9.059420 5.770135 9.410993 0.911588 -2.078005 6.013062 -6.615497 -0.707724 
-1.373638 -3.912778 7.420576 1.952879 3.724174 -0.596637 8.088931 8.759728 -5.120701 -2.811060 
3.049104 -7.280801 -4.889981 4.267403 6.198004 7.036653 -9.873653 -2.460097 -5.269631 6.422010 
6.900540 -7.214881 1.246071 3.287149 7.578661 -4.598224 4.008606 9.447615 6.884671 0.725425 
8.508255 3.954283 -8.889737 9.537950 3.424482 -2.311777 6.841945 -5.604114 4.139225 -4.664754 
-2.469253 2.412488 6.907865 5.368511 -3.949400 -9.904172 6.818140 -1.337016 -8.654134 -4.101382 
2.669454 6.373180 -2.688986 6.072878 1.884518 -2.317270 2.024903 -0.520341 8.589434 8.075503 
5.453963 6.970122 7.981506 -1.271706 3.765679 -9.049654 -9.890133 -2.333140 8.361156 0.784631 
6.197394 3.303629 -2.237922 9.623402 0.624104 0.982391 -9.522691 8.319040 -8.296457 -6.841945 
-3.033235 2.027955 4.368114 -6.168706 -1.168554 5.134129 7.897275 7.867977 -6.640522 0.118107 
1.809442 5.823847 -8.455153 -4.000061 3.041169 -5.091403 7.710501 -8.027894 -2.459487 -3.301187 
8.853725 1.855220 9.404279 -7.760552 1.847285 4.998627 -9.331645 5.153661 6.618549 -0.747398 
4.902188 3.378704 -6.579485 1.634877 7.703177 -9.830317 -7.654958 -7.683035 -2.761010 4.980316 
-6.830348 7.556078 -2.048708 4.846034 3.697928 -2.803125 -9.453719 6.913968 4.687948 -7.627491 
-8.594928 2.718284 9.515366 -0.980560 -5.474105 4.844203 6.686300 2.839747 -0.865200 -3.403729 
-6.675314 1.338847 -3.913388 5.305643 -2.236702 8.552812 -3.824274 9.886471 -0.639363 8.096255 
-6.511124 3.282876 3.668020 0.157170 6.922514 0.420240 1.077609 -1.934568 -7.015900 -7.711722 
7.065950 0.047914 -6.982940 -3.214515 -7.832575 -8.187201 7.955260 6.942045 -0.197455 5.573595 
3.743706 7.152623 0.074770 -8.854335 0.555132 -1.955321 -2.325205 4.739830 8.911710 0.600909 
2.011475 -8.931242 5.851314 0.162664 -2.309336 4.412061 -5.745720 0.949431 3.473922 4.234443 
-1.535997 -8.299509 -2.162847 -8.982513 -0.685141 -6.915799 -0.743126 -2.103030 1.707511 7.482833 
-0.653401 3.752251 -2.161626 1.787469 -3.028962 3.366497 -0.770592 3.828547 -8.538774 0.278634 
0.661946 3.061312 3.057649 -2.039552 9.154637 -3.866390 -1.300394 -5.066988 1.105075 7.962584 
-8.698080 -0.540483 0.721152 8.945280 -9.379254 9.428083 2.862331 -1.074557 -6.145512 -6.942656 
-6.575213 -1.457259 -5.907468 -3.948180 -9.609973 -1.408429 -5.258644 -9.183935 -1.341288 8.013245 
8.054140 -6.622822 1.802728 -8.859828 5.881222 3.618580 3.852962 -5.167699 0.782189 -5.538804 
4.256417 -3.887753 5.602283 5.620594 -0.884121 -9.060030 9.660634 7.548753 -8.153630 -5.258644 
-0.342723 -8.793909 6.374401 -4.678793 3.439741 9.274880 5.992920 8.782311 4.737999 4.439528 
-8.984954 -0.920133 7.006745 -9.630726 -1.666005 -8.165838 -5.507675 1.017182 -3.974425 3.022248 
8.649861 -6.139409 -3.884701 -6.822413 8.039491 2.722556 -1.366924 7.730644 9.822993 5.776238 
-9.918210 -5.906247 0.985443 4.379101 9.447005 -3.856014 -2.587664 -1.652577 4.866787 -3.301798 
-1.061739 -6.697897 -5.903195 8.635823 -1.498154 5.712760 -8.117008 5.265969 -6.475723 1.254006 
-2.623066 -9.409772 -2.360607 -7.880184 4.715415 0.061953 0.903653 8.895230 9.884640 -7.515793 
-3.398236 -7.369915 -2.992950 3.666799 2.786035 2.737205 -2.840968 2.460707 -3.340251 6.321909 
2.856227 -0.193182 9.945067 4.598224 -8.673666 -8.589434 3.344523 1.989502 -0.299387 4.681845 
8.236030 -6.446425 5.236671 -9.450667 -6.286508 -3.646657 -6.288339 -9.207739 7.109897 0.392773 
9.104587 1.495712 6.115604 4.757530 7.686087 3.268838 -9.370708 -5.434431 9.653920 -1.152684 
-7.543870 4.374218 -8.569292 8.698691 -9.014863 3.643605 -8.248238 5.263527 -7.034822 9.909055 
-5.337992 -3.545946 4.510941 5.265358 2.557146 -0.961638 -6.541643 1.800287 2.388684 -7.476730 
-9.802240 -8.404492 -1.846065 -5.816523 5.107273 6.926786 -7.194739 5.836055 -9.287088 6.277352 
-7.304605 -6.996979 6.702780 -8.193915 -2.314219 7.089145 -4.087954 -6.119266 -9.954222 -8.826868 
9.420148 8.302561 5.269021 0.080264 8.858608 1.861324 -2.081057 -4.681845 4.086123 -8.174993 
5.651723 5.533921 -5.666982 -4.990692 4.517655 -6.907865 -9.055147 -7.965636 -1.319315 -2.573626 
9.857784 2.407605 -2.322764 -4.245430 -8.078555 -3.954283 4.340648 -8.181707 -0.796228 -3.122349 
6.506851 -6.752220 5.389264 4.130070 -4.353465 8.181707 8.411817 6.940825 5.525376 1.777703 
3.434248 -2.082888 -5.966063 3.224891 4.305857 1.263161 1.305887 3.890805 -8.378246 1.102023 
7.249062 -2.775048 -4.490799 5.616932 1.615955 1.050752 -8.737144 -7.356487 9.739982 -7.146519 
-4.039125 -7.673269 7.057405 -1.282083 4.178289 -7.527390 5.546739 6.506241 -9.070406 2.226936 
5.205542 3.929258 -0.036927 -0.309763 -6.307871 -7.873470 5.530259 -0.887783 7.254555 -4.627522 
5.756096 3.273110 -3.925596 -2.457656 -4.260079 -3.307901 7.152623 5.966674 -1.498154 5.277566 
7.853328 -6.714377 1.912595 -1.954711 3.244423 -2.059084 -0.281686 -3.459883 -9.655751 -6.075320 
4.796594 7.569506 2.414319 -9.589831 -7.238685 4.884487 6.409803 -8.107852 4.047060 -4.564653 
6.724143 -0.543535 2.591327 -4.180731 -1.655019 3.812677 -0.754723 -5.455184 2.552873 -9.296854 
-1.962645 5.748161 8.275704 9.329203 -6.589251 9.975585 -7.758721 4.397412 -3.435469 7.664724 
1.041597 2.435682 -0.979339 0.940275 8.230537 -7.015900 -8.460646 9.363384 9.592883 -4.700766 
6.521500 -4.761193 9.699087 -8.813440 1.994385 4.136174 2.875149 -5.405744 -4.653768 -3.790094 
1.709952 -1.414533 4.893643 -6.017945 -3.773003 -9.674673 7.433393 2.184820 -3.152867 -5.306253 
9.898679 5.303812 4.263741 -2.840358 3.235878 -1.559801 -0.643025 6.537980 -3.364055 -2.884304 
-3.727226 8.251900 0.242622 1.652577 -8.209784 8.732871 -5.540025 1.744133 -5.897702 1.573229 
-6.010010 -3.150426 4.139836 -3.935972 4.720298 -1.968139 -7.448653 -1.258889 1.582385 6.865749 
5.483261 8.562578 5.525376 -2.958769 2.262337 -3.654592 7.701346 -5.709098 -1.875362 9.084445 
-0.988495 0.256661 -4.891202 9.777825 -6.874294 -4.070254 -5.767083 -6.612445 1.105686 -9.711905 
-7.909482 9.558702 5.748161 9.749748 -5.016938 -7.286905 -6.208991 -5.925779 -6.281014 -9.834590 
-5.914792 -5.665151 -7.802057 8.859218 -0.124821 -1.415143 -7.087924 -8.636433 3.300577 0.842616 
-7.513352 1.761223 0.252998 -0.974456 -9.617908 -7.969909 -6.288339 -2.547990 3.888363 9.571520 
-6.326182 -0.460524 -7.471847 -3.515427 1.816156 6.321299 5.008393 1.233863 -0.993377 6.411023 
-8.174993 -6.684469 3.795587 -6.964019 -3.335978 1.565294 0.004578 -6.232185 9.716178 6.712546 
1.542100 8.568072 -3.977477 8.831751 -7.426679 1.786248 2.000488 0.287790 -8.834803 3.724174 
-6.760155 4.826502 -5.466170 7.393719 6.729026 -6.589251 -5.985595 -3.899960 -9.394513 -2.549821 
-2.109745 7.468184 -5.411847 -9.968261 -9.810175 9.536119 4.180120 -4.213080 3.593554 -5.452742 
1.797845 0.013123 -5.440535 6.066164 7.936338 -2.317881 -1.191748 5.028535 5.495468 -7.045808 
-4.723350 -9.625843 0.400098 9.823603 -3.321329 -0.130314 1.630604 4.522538 -5.208594 6.747948 
-6.207770 0.314035 -1.407819 -2.201910 5.354472 -4.719687 -6.628925 8.526566 5.668203 3.756523 
-1.051973 1.007416 -6.089969 2.013306 -4.886929 0.060121 -6.943876 -1.172826 -7.579882 -6.634419 
-7.976012 1.557360 -3.540452 -8.840907 9.103366 -1.645253 3.726005 -8.884854 -0.202948 7.129429 
-2.782983 4.050111 2.209845 -8.101138 -0.113224 6.077761 3.091830 -2.848292 -5.933103 -7.174596 
-2.323984 0.829798 4.998627 1.355327 6.428114 -3.415326 -3.415326 -4.601276 1.837519 5.903195 
-2.503433 -0.462355 8.369701 -9.249855 5.756096 -2.041993 8.709677 7.340617 9.918821 3.399457 
-0.583209 -8.335520 -5.012665 -8.081606 9.124729 -2.593768 -8.827479 9.108249 2.396619 -3.138829 
-6.370739 3.375042 2.377087 5.488754 -8.699301 -8.075503 -4.647053 0.724204 -7.015290 -4.944304 
-9.641713 -4.327219 8.749351 4.408399 -3.061312 -1.687979 -5.170751 0.776086 -5.795770 -3.176061 
0.126041 7.118442 -5.696890 1.688589 2.425306 -7.611011 -6.571551 5.160985 -7.525559 -8.183538 
-6.512345 8.750572 -5.963622 -0.756554 7.568896 -0.660726 -1.963866 -2.826930 -7.689138 4.554277 
-1.053804 0.130314 0.323801 8.024842 -8.486282 -3.032624 -4.236885 -4.854579 -4.029969 7.742851 
6.198614 9.974364 9.840083 0.791955 -6.104617 -6.113773 -5.525376 5.623646 -0.362255 6.613056 
-5.557726 7.254555 2.210456 0.284738 -2.109745 -2.378307 6.674093 7.112949 -3.990905 9.683828 
4.553056 -8.678549 9.727775 9.845576 -0.937223 5.970946 1.753288 -5.671255 -1.499374 5.278787 
2.093875 5.112766 -9.073458 -6.915189 5.179907 -8.934294 3.256020 -1.933348 6.709494 9.906613 
-2.106082 -3.662526 -1.649525 -3.400678 -9.967040 -7.944884 8.419141 -6.171758 -1.259499 -3.333537 
6.651509 -9.835810 -5.046236 -2.601093 1.213111 1.550035 -0.471511 -4.351634 6.054567 1.731925 
-5.566271 5.865352 6.740623 -2.734153 0.249947 -4.423658 2.887967 -7.288736 3.073519 -2.834864 
-4.676962 1.650136 3.964049 -7.965636 -3.901791 9.152196 -5.947752 -2.222053 9.474471 1.305277 
8.441725 -1.019013 2.017579 7.448653 2.016358 -7.717215 9.912107 -9.283425 0.300607 6.321299 
1.629383 -7.459029 8.469192 7.183752 4.074526 6.708274 -8.347118 9.991455 -9.667959 8.623615 
9.662465 7.240516 -2.860500 -4.609210 -0.760216 -5.470443 -9.791253 2.339854 6.987213 4.293649 
5.534532 -8.380078 6.074709 8.163396 4.789270 -1.506699 -0.134587 -1.404767 -7.043367 -9.054537 
5.583972 -9.623402 -3.685720 8.245796 1.139256 -7.363201 8.886685 -5.931883 8.247017 -8.002258 
5.507065 9.822382 -5.040742 -2.522965 9.603870 3.789483 -9.263283 7.773370 -6.166265 1.714225 
-2.818384 -8.433180 1.702017 -5.535752 7.562792 1.443831 8.271432 8.382519 -1.747185 -7.916807 
8.107852 -6.039918 5.206153 3.327433 8.572344 -1.540880 8.601032 -1.246071 -3.408612 -1.897946 
-1.233863 0.392163 -2.970367 -4.546342 6.530045 -9.815668 -9.213843 -2.369152 -8.901944 -1.160009 
-9.254128 0.952483 8.607135 -7.310099 3.704031 -2.343516 -5.546129 -0.819422 -3.605152 -9.676504 
2.553484 1.619617 -6.252937 9.608142 -5.377667 3.810236 7.488937 0.921964 2.637104 -4.812464 
3.228553 -4.311960 -2.427747 -2.908109 4.143498 -7.211829 7.561571 0.798669 -0.614948 5.828730 
-1.410260 -2.069460 -4.654988 1.855220 0.856044 -6.121708 -2.106693 7.139195 -6.079592 4.853969 
3.715629 5.650502 -6.231574 9.201025 8.885464 5.863521 -5.088351 -6.411023 -7.223426 1.497543 
-9.345683 4.716025 5.464339 1.832636 4.649495 7.141026 -3.283486 -2.778710 -3.133335 -2.122562 
-5.279397 -4.583575 -2.897732 -1.630604 -7.343669 -5.649892 9.149754 -5.527207 -8.753014 6.978057 
-1.239357 5.070650 -4.586016 3.820002 8.524735 9.949339 -6.845607 8.825037 -7.222816 -2.449110 
-5.227515 -5.825068 -4.315012 3.242592 0.587481 9.665517 5.608997 -1.291849 -4.758141 -7.726371 
8.886074 3.106479 -3.260903 -8.442946 -3.846248 -3.392132 -1.672109 -3.510544 4.332102 6.938993 
-8.631550 -0.633259 7.397992 9.562365 7.296670 2.416150 -0.928068 -7.889340 6.815088 2.716453 
0.549638 3.708914 -5.561388 1.069674 -3.613086 -0.204169 6.514176 -9.560533 -8.315378 3.088168 
-9.161962 9.590442 -6.318857 -8.705405 6.012452 -2.463149 -9.114963 -7.780084 -1.364483 -5.551012 
-7.126377 -3.132115 6.484878 4.623249 3.879208 -8.815271 5.792718 7.146519 -6.712546 -2.940458 
-9.250465 9.886471 -3.818171 3.200476 3.362224 -7.580493 7.042146 -3.470870 1.783197 -6.462905 
-0.260933 -5.301370 5.248878 8.942839 -3.058260 -9.622791 3.735771 -5.234840 2.063356 7.906430 
-9.523301 2.530900 -3.131504 2.975249 5.448469 1.188086 -2.123173 5.920896 7.958922 -8.156072 
-5.328837 -0.708945 6.467788 -9.192480 3.253578 -9.711905 3.754082 6.589862 -2.443007 8.720664 
5.560778 6.462905 -7.744682 -8.914762 -9.159520 -1.775262 -0.019227 1.413312 -8.268990 2.779931 
-3.920713 9.492782 1.378521 3.161412 -5.963012 -2.898343 -2.262947 5.630360 4.690390 -7.125156 
1.474960 -1.533555 2.350230 6.428114 -3.897519 4.080630 -9.031953 2.360607 8.451491 -9.931639 
-6.535539 4.774010 -2.364269 -5.155492 -2.654195 -7.084262 -9.392682 -6.541643 -0.263375 -1.412091 
-7.555467 -0.758995 4.950407 5.928831 9.488510 6.893216 -2.276986 4.213691 -6.547136 -7.358928 
5.241554 -5.720084 4.647664 -2.902615 -8.926359 -0.782800 2.413099 6.426893 -5.844600 -0.071108 
0.917081 -2.528459 -4.078188 6.216926 -1.575671 2.439344 8.745079 3.984802 -1.832026 -1.211280 
8.773156 9.210181 8.948332 -0.064394 6.317637 9.289529 3.580737 -7.598193 -3.102817 2.400891 
3.324381 -4.960784 6.077761 -4.507889 6.406751 5.945311 -8.780480 -8.469802 8.783532 -7.303385 
-6.730857 6.631977 -4.763634 -8.463088 1.711173 7.703177 8.966033 -8.874477 5.812860 -8.789636 
-2.234870 6.486709 -4.722129 -6.285897 4.937590 -1.226539 3.447676 -5.225074 3.055818 6.490371 
-3.846248 2.880642 -1.297342 3.766289 -0.627155 4.993133 6.308481 -8.659017 8.788415 -9.634388 
-0.778527 -4.137394 -5.611438 9.232154 -3.876766 3.130284 3.240150 -2.989288 -9.074679 0.909757 
-6.465346 4.637898 4.266793 -3.053987 3.066195 5.660878 4.733726 7.792291 5.232398 0.711386 
-2.062136 4.084292 -4.288156 9.992676 -8.434400 7.889340 2.924589 -5.611438 -5.466781 7.745293 
5.405133 -4.155705 -1.637928 7.024445 9.218116 -2.383190 -1.086764 -8.761559 8.539995 -4.957121 
6.594134 9.920652 2.521744 -2.565081 3.166295 -1.310770 -8.425855 -8.267159 -6.716819 -2.847682 
6.188238 8.548540 8.876308 8.236641 -8.582720 1.202734 -5.482650 -5.399030 0.155339 -1.589709 
-8.113346 -2.261116 -1.679434 1.213721 -8.536943 -4.595782 -4.913785 4.799646 9.568468 2.978301 
1.268044 -4.170965 -1.114841 -5.587634 9.008759 5.895871 -9.418928 8.361766 -4.133122 -8.258003 
-3.842586 -4.860073 6.457411 2.860500 7.145299 -9.877316 -5.260475 7.102573 0.784021 9.218726 
0.113224 -5.084689 9.800409 -7.968688 0.412305 -7.154454 4.409619 8.352000 -5.052950 6.917020 
4.675741 -6.412244 0.707724 6.521500 -8.660237 8.766442 -5.144505 9.439680 -6.744285 -9.268166 
6.633198 -1.378521 -0.447096 8.166448 -8.195135 -8.651082 -5.356304 9.046602 -7.227088 -8.593707 
4.217963 -4.814905 -2.529069 4.884487 -9.672231 9.455550 0.180364 -9.763176 3.709525 -8.659627 
-2.620014 3.232826 -8.552812 6.431166 1.764885 7.398602 8.123112 5.486923 7.548753 -9.390240 
8.558306 -1.302225 -9.815668 -1.568957 -9.710074 0.766930 -6.376232 4.838710 3.897519 -7.567675 
8.237861 -9.042940 -0.702841 -5.933103 -7.473067 -7.576220 6.152226 -3.032014 1.750847 6.011231 
-3.503830 7.969298 -3.410443 -3.866390 7.720267 -7.002472 -5.027314 -8.136540 -5.975829 -4.796594 
0.197455 -4.923551 4.480422 -6.721091 8.461867 -9.644765 -4.183782 -4.396191 8.931242 -2.720725 
-1.944945 -4.166692 -0.522172 -4.280831 1.124607 5.557726 -8.796960 4.765465 0.577105 9.653310 
4.874722 5.913572 -9.470809 -0.039369 -7.596362 -8.867153 1.955931 -7.097690 6.487930 6.445814 
-5.541246 6.672262 -8.461867 -8.367260 -0.359203 3.620411 -0.973846 6.704001 4.202704 -6.537370 
0.366527 5.746941 -9.109470 2.925810 0.463576 8.784143 5.427107 7.473678 5.048067 -7.734306 
7.534715 -9.281594 4.927824 8.817103 -5.807978 7.164830 -9.722282 -3.131504 -6.758934 -6.116825 
-1.907102 -9.203467 -4.532914 6.771142 5.930662 -7.802667 3.284097 6.993316 -4.932096 -7.088534 
4.144719 -6.745506 -3.801691 -9.559313 6.804102 5.511948 0.789514 6.367077 8.557695 -4.242988 
-8.765831 8.406323 -8.420972 -8.502762 -7.088534 6.718650 -3.506272 7.554247 1.290628 5.102390 
-8.711509 -8.194525 7.195349 -2.303232 3.713797 0.506302 -6.640522 -8.185369 -4.723960 8.793298 
5.400250 7.537767 4.963836 -7.983947 -9.682608 -5.313578 0.819422 3.517869 5.676138 -2.190924 
7.493210 4.476760 -7.440718 9.793085 7.893002 -8.552202 -4.548784 4.740440 7.067782 -2.772607 
2.145146 -9.277932 -3.565477 -9.342021 6.826075 -6.952422 6.489151 -8.992279 9.437239 8.654134 
6.112552 2.539445 -5.540025 2.266610 -3.392743 4.908292 2.240364 4.934538 -1.413312 4.996185 
-4.033631 5.576647 -0.163274 5.823847 -2.552873 -3.842586 2.280648 -1.847896 -5.201880 1.128880 
-3.827326 -9.591052 -4.828333 -8.258003 -0.358592 2.555925 5.643788 -4.121525 -8.292184 -0.470290 
-4.603717 4.008606 -3.090609 9.879147 2.312998 1.908322 9.645375 5.216529 -2.891018 -9.240699 
-3.620411 6.122318 8.131657 5.259255 3.815729 -9.884640 -0.055849 -9.643544 -8.827479 7.319254 
8.829310 7.256996 -5.306864 -0.552690 8.324534 9.298685 2.496109 7.737358 7.930235 -1.657460 
7.910703 5.452742 -1.900388 2.297739 -0.589312 0.581378 4.646443 4.397412 -4.725181 4.352245 
5.690176 4.862514 1.098361 -8.801233 -5.734123 5.573595 -1.717277 5.795770 -0.275582 -1.628162 
1.625721 2.781762 -8.956877 7.621998 -5.862911 -5.184790 -4.818567 7.653737 -2.790307 -5.433821 
-6.407971 5.717643 4.261910 6.281625 -9.968871 -8.935514 -4.015320 -7.457198 -7.226478 0.792566 
5.317240 -8.148137 4.374828 3.068026 -9.733268 -7.346721 2.088992 8.360546 2.715842 -0.569781 
2.085330 9.309061 -8.680990 -3.503220 -9.431745 -0.155950 6.639302 5.112156 -5.052339 -5.803705 
6.620380 -0.466628 -1.837519 -3.592334 -9.448836 -2.355113 9.301737 0.979949 -0.375072 -8.216498 
-6.366466 -4.720298 -7.782525 -4.623249 -4.820399 4.325999 -7.966247 -8.964202 -5.054170 8.585772 
-2.783593 -4.288156 -2.051149 -4.600665 8.560137 8.549150 -7.846004 -5.327616 4.957121 -2.938627 
-7.548143 -0.561235 4.188665 7.251503 -7.202063 1.940672 -2.804956 -6.700949 -0.353710 5.836055 
-6.051515 -7.551195 9.790033 5.167699 9.049043 0.713218 5.746941 -9.287698 5.175634 -4.975433 
-8.194525 -5.660268 2.512589 -2.541887 3.864559 -7.999817 -7.722709 7.145909 -3.822443 -4.021424 
2.475356 -4.488357 -1.851558 -2.980743 -5.997803 -9.539781 4.281442 6.970122 -4.767296 5.123753 
-9.574572 2.552263 -6.801050 -3.190710 -0.569170 0.890835 9.506821 -8.228706 9.342631 7.427290 
-0.910367 1.421247 7.264321 6.838893 -0.042421 5.612049 2.004151 -2.406995 -7.971740 8.619343 
-1.360820 0.758995 -6.797998 3.437300 8.116398 3.699759 -9.227271 -9.974975 -4.980316 9.274270 
-3.671072 3.123569 -3.375042 -8.827479 2.245857 -4.739219 -3.630787 6.009400 7.911924 -9.412214 
4.858242 2.795190 -6.198614 -4.849086 -8.460036 0.423292 -8.472854 -0.759606 0.165716 -6.216315 
7.993713 -2.571795 -8.836024 -0.863979 -8.228095 1.935179 4.059267 -0.632038 -0.162053 -5.065767 
3.044832 -0.244453 -7.226478 -4.571978 -1.145360 -5.134129 -3.420209 6.323740 -9.956053 -2.793359 
-0.789514 -2.676168 -3.188879 8.267159 -0.039979 9.267556 -9.521470 2.559587 -0.173650 -4.465163 
-8.228095 5.303812 -9.022797 6.155889 1.004975 -5.643178 -6.556902 -9.769280 -6.693014 7.036653 
-2.841578 2.302011 2.013916 2.444227 -2.517472 8.292795 3.350017 -0.073550 2.321543 -3.357341 
5.519272 4.294259 -1.024506 -9.734489 -4.658040 -1.582995 -1.160009 4.946135 5.549791 -6.161992 
8.080996 9.814447 -4.128849 0.010071 2.411878 -4.490188 -8.963591 2.793970 -5.900143 5.671865 
8.813440 -7.156285 9.322489 -2.632832 1.210059 -5.508286 3.995788 6.096683 1.971191 -4.226508 
-3.787652 0.989715 3.483077 -9.795526 3.401898 5.824458 -3.782159 -9.053316 2.340464 -8.510697 
-6.152837 7.975402 0.143132 -4.480422 -2.864162 8.883633 -5.648671 -5.676748 -0.239570 -6.056398 
-9.749138 3.732109 9.157079 6.052126 -6.459243 -6.505020 5.539415 6.177862 6.477554 -8.654744 
-7.796564 -5.049898 5.621204 2.259285 0.248115 -9.001434 9.310892 -1.464583 0.831019 6.680807 
-7.014069 6.324351 8.091983 -8.189642 0.491653 4.219184 5.864132 6.030763 9.478133 -0.445875 
1.302225 -9.572130 -0.970183 -1.990112 -1.457259 -0.951262 -2.349010 -7.825861 -4.465163 0.904874 
-0.281686 4.669027 -2.842189 -6.874905 8.541215 -8.528397 7.754448 -4.139225 -5.851314 1.061129 
-3.803522 9.569079 3.926206 -4.998627 -3.372600 5.311747 -5.771355 5.605335 -2.021241 8.682821 
1.095920 -3.715018 5.413068 7.995544 -1.804559 0.229194 6.799219 7.347331 0.115055 3.019196 
7.353435 -4.798425 -0.867031 4.822230 5.569933 9.094211 -6.409803 7.773980 -6.436048 7.100131 
-4.012879 4.186834 -5.042573 6.686911 -1.064791 -8.801843 3.424482 1.567736 7.081820 7.495041 
-4.972991 -2.803125 -6.863308 -2.275155 -2.531510 -4.484085 6.131474 0.238960 9.381085 9.584948 
-9.981079 3.769341 -7.222816 -1.279031 0.762047 8.684042 -8.201849 4.774621 0.011902 -1.565294 
0.865810 0.151677 -6.477554 -3.176672 -4.620808 8.234199 -7.587207 -3.282876 8.077334 6.795557 
5.402692 -4.169134 4.182562 -4.946135 0.155950 5.206153 -1.529893 -5.012665 1.846675 6.012452 
7.366253 7.523728 7.076327 0.288400 -0.785852 -5.757927 1.270486 -8.740196 -4.169744 5.210425 
-2.325816 -1.149632 8.474075 3.574633 6.076540 6.008179 1.354717 7.537156 9.383526 1.484115 
5.805536 0.334788 -3.829768 -5.320292 -1.756951 8.861049 7.334513 8.187201 5.044404 1.532945 
4.974822 3.647877 7.460250 6.052736 1.622669 6.566057 9.695425 -2.332530 -2.052370 5.681021 
3.274941 -1.429182 7.070223 -7.458419 -9.174169 -0.946379 -6.406140 -3.099155 2.399670 1.044649 
5.496078 3.551439 7.454146 -5.347148 6.986602 6.235237 -4.369335 8.348949 -9.522691 4.249702 
9.440901 3.398846 -4.225288 -2.631001 1.991333 -6.816919 -5.380108 4.716025 2.878811 -1.974242 
8.709067 3.199866 5.368511 -3.849910 -0.682089 -8.846400 -2.013916 1.398663 -3.352458 -7.211829 
-6.344493 8.333079 7.025056 9.094821 -0.506912 -4.660482 6.078372 -9.186377 0.394604 6.374401 
-3.984191 -0.896939 -0.464187 1.956542 -4.869228 9.525742 8.914151 0.054018 -2.344737 4.978484 
-6.953642 -2.529679 -7.905210 -6.802271 -1.030000 -7.633595 -3.839534 -5.543077 -4.357738 -1.456038 
-3.567309 -4.918668 -4.111148 -7.898495 -9.130222 -7.583544 4.016541 1.111179 2.298959 6.857814 
2.206183 -1.081271 1.005585 6.580706 -1.168554 -8.296457 4.551225 0.589923 -8.193304 0.927458 
-7.059236 5.717032 -9.894406 -8.721274 7.269814 3.179724 6.566668 4.765465 9.967040 -9.653310 
5.108493 -8.450880 -5.228736 3.317057 -4.507889 -1.823481 4.555498 -4.055605 -1.255226 3.808405 
5.125584 -9.065523 -3.635670 5.088351 -6.873684 8.638874 6.452528 0.262764 6.169927 9.161962 
-0.125431 -6.809595 -6.686300 -6.578875 -0.411084 7.856380 -5.975829 -1.224708 -3.732719 -5.986206 
3.729667 -5.155492 3.322550 -5.401471 -5.890378 -4.844203 4.481643 -4.493240 6.230964 -9.771722 
-2.978301 8.397168 4.661702 -2.262947 3.791925 7.114780 -9.315165 -4.638508 -2.849513 8.380688 
2.745140 -8.036439 7.946104 -2.642598 2.235481 2.705466 2.652974 8.729209 -7.227699 3.739433 
1.807611 3.907285 -8.933683 -7.905210 2.848292 -4.998016 -2.481460 6.383557 0.498367 -3.830988 
4.670858 -6.053346 7.818537 -7.032380 -8.367260 0.082705 -8.964202 -9.645985 2.611469 4.957732 
1.301614 9.928587 -2.338633 3.845027 -3.525193 -2.935575 -6.207160 -3.691824 -3.920103 8.551592 
4.556108 -0.048524 2.548601 1.363872 -3.778497 -5.630970 -8.126164 -6.805933 8.694418 -9.088717 
6.810205 -4.637898 -0.726035 -6.099734 -4.271676 8.736534 -2.606586 8.913541 -9.730216 3.288980 
8.461867 3.758354 4.905850 -8.095645 -5.073092 -2.221442 -8.459426 -0.925016 -7.302164 5.094455 
-7.722098 -4.898526 -8.961760 7.417524 3.475143 -3.572192 -5.937986 2.061525 -5.786615 2.734764 
-8.041932 0.776086 -7.693411 -8.588214 0.065004 5.016938 0.971404 0.044252 -6.079592 -6.704001 
-0.708335 -2.475356 -1.583605 6.223029 9.590442 -5.569933 -0.823695 4.864345 4.847865 -6.723533 
-5.712149 8.053529 -0.721763 9.282815 -5.489975 4.266182 -4.802698 2.268441 -9.918210 3.693655 
9.305399 -9.692984 -7.742851 6.138188 -8.494217 5.768303 7.694632 -9.653310 -0.607013 4.356517 
-6.183355 0.423902 1.523789 7.792901 -6.719260 -5.066378 -7.394940 -9.247414 -4.332713 -5.675527 
-6.275521 -7.318644 4.524979 -7.701346 0.738243 5.123753 -2.112796 6.752831 -6.049074 -4.821619 
0.398877 -4.089175 -7.787408 -4.277169 -4.838099 -4.716025 4.549394 3.006989 -6.565447 1.067843 
2.462539 -7.736747 -9.691763 -4.385815 6.014283 -8.049867 4.486526 0.599689 6.827296 7.244789 
-9.714957 -6.490982 1.126438 -6.571551 -0.005188 -6.929838 -4.059267 9.777215 4.708090 9.257179 
1.596423 -5.422224 -8.243965 3.483688 -6.376232 -8.085269 6.869411 -5.375225 -2.796411 -9.172948 
-0.812708 -3.518479 -2.725608 7.482833 -2.750023 2.309336 7.435835 -9.022187 -5.912351 2.052980 
0.756554 3.401898 9.537339 7.890561 -4.369335 -5.220801 7.910092 -6.267586 -0.207831 3.521531 
-0.861538 4.284494 5.618763 3.010651 1.522568 -0.693075 -0.146794 4.943693 -5.800043 8.696860 
0.859706 0.055849 -2.524796 4.014100 6.548967 6.854152 9.118015 2.076785 6.086306 8.983123 
-5.233619 6.251717 -1.480453 -8.152409 0.557573 1.067843 -8.557085 -0.878018 6.107669 5.774407 
2.825709 -0.239570 5.969115 2.464370 -0.871303 6.145512 -2.309946 4.401685 -7.162389 -6.006958 
4.600055 0.160833 -7.465133 4.641560 -8.552202 -0.781579 8.630329 0.342723 1.014130 -5.391705 
7.888730 -6.804712 9.827876 8.278756 -0.132756 -1.671499 -8.894620 -5.234840 8.391675 -8.030946 
3.049715 8.809778 -8.803064 5.022431 -9.385968 -7.448653 0.860927 -7.224036 -1.122776 7.913755 
-9.857784 -8.626667 6.141850 9.803461 -5.129856 1.659291 -5.119480 5.770135 -2.511979 -8.959929 
8.668172 -2.278207 4.391308 -6.026490 -6.797998 -8.657796 0.175481 1.716666 9.564806 8.830531 
-8.069399 1.958983 -2.176885 -9.421979 6.690573 -1.040376 -0.885952 1.426740 -4.824061 -5.178686 
-5.671865 7.112339 4.955290 2.518693 7.520676 -3.465377 -3.867000 -8.689535 -7.827692 -4.528642 
2.717673 -4.837489 8.430128 7.359539 -7.234413 4.797815 9.445784 6.776025 -9.555040 -5.991089 
4.943693 1.237526 -6.860866 0.853603 0.138859 6.944487 6.711936 -5.648061 -1.866817 -5.906247 
-7.940001 7.325968 3.909726 7.394940 6.088748 5.988647 -1.941893 -2.607807 -9.786370 -3.079623 
-1.652577 8.249458 9.539171 2.050539 -2.720725 -2.411267 -4.189276 2.274545 -6.261483 -5.963012 
-2.696921 0.328074 6.876736 8.085879 8.722495 3.540452 -9.664907 1.896725 4.293039 -2.898343 
-5.037690 -6.316416 7.122715 8.458205 -1.883908 2.280038 -2.017579 -6.532487 7.700735 7.536546 
-3.369549 4.938200 -0.945158 -7.845393 -1.204566 -5.831172 -7.183142 0.602130 1.949828 6.135746 
-8.112735 0.708335 2.999054 -1.080050 5.621815 3.597217 1.008026 8.032777 -0.626545 7.550584 
8.092593 6.237678 -2.483291 1.449934 1.599475 -0.487991 -1.935789 -6.585589 0.699789 9.766228 
7.019562 0.252998 0.524003 4.939421 -9.429914 3.365886 6.957915 7.110508 -6.727805 6.716819 
5.229347 -0.762658 0.321970 2.498550 5.409406 1.158177 -7.937559 0.121769 -2.049318 -4.532304 
8.840297 4.144108 2.391736 -6.088137 -5.664541 -3.226722 2.350230 4.907071 -4.501175 -9.431745 
9.929197 -7.182531 7.210608 6.954253 -7.339396 9.624622 -0.207831 6.183355 6.121097 9.589221 
-2.503433 4.375439 5.323344 7.561571 6.098514 3.240761 -1.964476 -8.461867 -2.291025 8.132878 
-6.870632 -9.891354 -9.052705 0.041810 7.098300 5.405133 -5.415510 -2.841578 1.861324 -7.814264 
-7.213050 -8.362377 -3.016755 -6.317637 0.095523 -2.825098 9.432966 -5.182348 4.244819 -6.966460 
4.003723 3.446455 4.967498 0.144963 7.529221 0.213324 6.896878 -5.108493 -9.997559 7.683645 
-5.305643 -3.771172 5.748772 -0.657064 8.533280 -8.267159 -2.256233 -0.881680 8.053529 -1.764275 
-1.757561 -7.980895 2.922147 2.642598 8.801843 -3.455611 -1.879635 -1.423078 -7.144078 -0.528886 
-7.922300 4.470046 3.951842 3.648488 -4.212470 -1.282083 2.769555 9.425642 -8.977020 -2.464370 
6.063112 0.339671 -4.222846 -8.866543 0.636921 -6.316416 -4.942473 3.832820 5.486312 6.581927 
5.157323 -6.240730 -4.771569 -1.800287 9.523301 -2.272103 7.947325 -1.286355 -5.643178 -3.053987 
-9.427473 5.658437 2.065798 9.168065 4.934538 -1.714835 -9.315165 2.911771 7.592090 -9.446394 
-2.591937 -0.619221 6.591082 -6.619770 -5.658437 -2.304453 8.248848 6.768090 -5.391095 9.079562 
-2.892850 -7.553026 -3.064364 -4.390698 2.181158 7.647023 6.831568 -0.835292 -7.391888 -9.375591 
2.501602 -3.805963 -4.150822 -1.420026 3.608203 3.929258 1.545763 8.574175 -8.988617 -6.331065 
4.170354 2.080447 -4.392529 -3.241371 7.589038 3.801691 4.396191 -1.111789 4.662923 -4.641560 
1.898556 8.337962 -4.985199 -5.507065 -4.945524 -6.208991 -5.915403 0.404370 -0.282907 -2.651143 
-3.401288 -4.163030 -3.125401 -1.643422 7.577441 6.561785 -3.270669 -6.318857 4.006775 8.854335 
-1.254616 -9.943236 0.301828 5.611438 5.802484 -5.871456 0.682089 1.726432 0.574664 -4.189276 
-8.416700 -0.656453 2.263558 -9.404279 -2.759789 3.624073 -8.196356 -3.566088 -8.450270 -0.359203 
3.671682 -9.199805 9.357891 -8.964812 -7.576830 3.594775 -9.727165 1.053194 -7.921690 -8.524735 
-1.838740 6.592303 -3.511765 9.268777 9.409772 5.877560 -1.202734 4.073305 -6.878567 -9.599597 
-1.863765 7.686697 -3.660085 1.735588 -8.334300 -7.030549 -2.558977 3.867611 0.097964 9.793085 
0.812098 -8.349559 4.814905 6.165044 -4.053163 6.028932 4.718467 -9.805292 -5.920896 -3.370159 
-9.069796 -1.511582 5.479598 2.378918 7.468795 6.620380 -9.459212 -9.263894 -3.976257 7.300943 
7.783746 6.196783 -7.036042 -8.136540 -8.113346 8.671834 -3.307901 0.697958 4.900357 -7.623829 
-6.522721 -1.752678 -6.268807 5.853755 -0.111393 -1.786859 -2.944121 3.752251 9.956664 -5.431990 
-5.239113 -9.008759 5.184179 4.022034 3.055818 9.930418 -4.461501 -4.445631 8.369701 -8.831751 
9.537339 -7.356487 3.168737 -1.387677 1.567125 3.816950 -3.198035 9.415876 -5.445418 7.144078 
4.523759 -0.570391 6.107059 4.303415 7.794122 -5.207984 -3.738823 9.840693 8.998993 0.265206 
4.958342 -8.749351 -6.288949 4.963836 -2.635884 5.503403 3.610034 -3.913999 5.175634 7.639088 
-6.807154 1.280862 2.018189 -2.939848 -6.597186 -9.730827 1.079440 -2.856227 -4.709311 -3.646046 
-6.910306 -6.202277 -3.155309 8.430738 -7.223426 8.590045 6.108890 -5.864742 -8.073672 -7.933287 
3.713187 4.752647 7.170934 -7.097079 -2.054811 2.496719 0.620441 8.483840 -4.513382 0.813318 
1.481674 -7.434004 0.933561 -1.695914 6.772362 5.633412 8.237861 -3.085726 9.260231 3.568529 
-2.818995 5.000458 -9.240699 -9.725944 -1.980346 -4.092837 8.901944 9.862056 -2.588275 2.678610 
-4.497513 4.039125 8.762169 -0.476394 -5.334941 -9.688101 0.105899 -9.334696 -1.273537 6.640522 
2.656026 -2.797632 -9.815058 -1.846675 -6.860866 2.596210 7.730644 -8.428907 -6.951811 7.419965 
4.492019 -7.060457 -2.071902 -6.008789 -3.348186 -5.688955 -0.168157 -8.487503 -9.478133 4.999847 
-3.936583 2.339854 6.232185 -6.973785 7.335124 0.012513 6.137577 -7.611011 -1.541490 -0.329295 
6.082034 1.774651 4.712363 -8.530839 -2.361217 -9.657582 -3.016144 -2.363048 -0.552080 -3.793146 
8.836634 3.782769 5.784783 -6.769311 -1.390118 5.091403 -9.522691 -8.226264 9.688101 -1.974242 
-5.697501 9.008148 2.049928 -1.837519 -6.016724 -5.575426 -1.755119 -5.220191 0.908536 6.169317 
-3.104038 2.836695 7.712333 3.813288 -3.124790 2.955107 -9.180883 -6.797998 5.264138 -9.966430 
7.106235 8.998993 -7.772759 1.124607 -7.228309 -9.459822 5.931883 3.186438 2.573626 -3.348796 
-9.381085 -8.649861 -2.466201 -4.983978 0.979949 -1.683706 -0.750450 -8.245186 -4.070254 5.509507 
-1.074557 -3.185827 4.934538 -3.385418 -0.735191 -9.192480 9.990844 4.125187 -2.670064 8.923917 
-3.596606 9.518418 6.510514 7.528611 -4.526811 7.694021 5.712149 9.092990 -7.778253 -3.710135 
-6.097903 -8.942228 1.284524 0.513627 -1.869259 -5.720084 4.090396 -5.905026 -6.851100 -3.337809 
-9.545885 7.011017 0.759606 7.610401 -2.285531 0.578936 7.015900 8.936125 -9.473861 0.569781 
5.398419 -2.175665 -5.551012 8.946501 4.091006 -2.494278 6.448866 4.861293 5.488754 -8.764611 
-4.565264 -4.460280 -3.949400 5.233009 -4.034852 7.668996 -5.367290 -3.821223 8.240303 -0.082705 
-2.575457 8.917203 7.506638 7.218543 7.607349 -0.031434 -3.995788 -2.569964 7.864315 -7.501755 
0.578326 -8.994720 3.876156 -1.652577 9.075289 4.299753 -3.096103 -7.238075 8.655354 7.124546 
-6.389050 -2.557146 -0.850551 -4.801477 -8.770104 -2.460097 4.568926 8.095645 6.205939 8.217719 
-4.084292 -6.672262 4.445021 -3.585620 8.399609 7.192907 1.288186 -6.575213 6.194952 -7.007355 
9.334696 3.922544 -2.133549 7.273476 2.240974 7.059847 -4.422437 -5.316019 -7.370525 -4.743492 
1.219214 2.105472 -7.786798 6.313364 -7.430952 -7.346110 -7.722709 -5.531480 -7.372967 -9.804682 
-7.361370 -3.973815 -4.772790 -5.005341 -2.797021 -4.824061 -9.928587 1.117283 4.250923 5.640736 
0.302438 -3.781549 9.575793 -6.240120 -4.265572 -5.661489 -9.404279 -1.346782 -5.118870 2.331919 
9.574572 -4.928434 -1.108737 -9.448836 4.053774 -5.429548 -9.475082 8.418531 2.656026 -9.366436 
1.297952 -4.501175 -5.652333 3.359783 -0.090030 8.712729 9.316996 9.346904 5.087130 -3.697928 
-0.434889 -7.598804 -4.031190 -0.818812 -2.638325 0.687582 3.153478 -9.707633 -0.331126 5.946532 
-6.467177 -7.401044 -3.332316 -9.584948 -7.953429 6.334727 -7.484054 -2.936796 -6.530656 6.129643 
-3.549608 8.774377 7.363811 -1.342509 -7.627491 -7.902768 9.324320 1.399884 5.029756 -8.803064 
1.633656 -6.818140 -9.072848 7.619556 -3.539232 -2.918485 -7.907041 -8.493606 4.717246 6.350597 
0.811487 -0.119327 3.705863 -6.032594 -6.533708 7.620777 6.688131 -3.548997 1.609241 6.765648 
7.482223 -7.449873 -1.625111 -0.245674 3.230384 7.449873 8.378246 2.245247 8.454543 3.100986 
-0.790735 1.122776 3.525803 5.316630 2.660298 3.329875 -9.329814 8.245186 3.794366 1.144749 
0.644856 6.853542 6.002075 9.523911 3.197424 -1.956542 -9.849239 1.145970 4.440138 1.023896 
-4.033021 -5.225074 4.266793 -2.431410 3.765069 2.563250 -3.069246 2.779931 4.653768 -8.068789 
7.912534 6.984771 -2.650533 7.643971 -9.799799 -0.610065 -0.292062 9.694815 -6.887112 -5.878780 
-6.886502 -7.347331 6.782739 9.267556 7.842341 2.067629 -4.569536 -0.442213 7.526780 -6.425672 
2.554094 -6.700339 0.848720 -9.684439 1.152684 -5.803095 -1.417585 4.315012 -7.877743 -1.324808 
4.115421 -2.587054 3.932920 9.344462 -4.432203 7.405927 -3.277993 -4.788659 7.643971 -5.001679 
3.931089 -0.713828 -8.673666 -2.792138 -5.400861 4.183172 -0.439772 2.830592 9.453719 -3.632008 
-2.975860 -4.387036 -6.094852 -0.348827 2.137211 0.736412 1.094699 -1.427351 -0.585040 0.248726 
8.088321 2.290414 -9.697256 -6.932279 -1.623280 9.599597 0.608234 5.179907 -6.220588 5.716422 
-7.338176 5.654164 8.891568 -8.561357 0.331736 -5.888546 -8.810389 -4.683676 -4.991302 -4.745933 
-0.061342 9.454939 0.699179 6.096072 6.996368 -0.425123 6.341441 -8.489334 -7.329630 9.959716 
-6.525773 -6.270638 -0.266427 -6.097903 7.381512 -8.597980 -1.271706 -9.706412 9.838862 -6.139409 
7.685476 -3.036287 1.586047 6.197394 -0.615558 1.405377 -7.346110 -9.208960 -0.726035 -0.492264 
8.665120 0.906705 7.184362 2.924589 -8.767663 -8.019959 5.952025 5.692618 0.595416 6.237678 
-9.915159 -9.256569 -1.402936 -3.754082 -2.407605 6.915189 0.140690 3.045442 -1.901608 -2.903226 
-8.748741 -5.530869 0.378735 8.138981 1.860714 -0.711997 -7.572558 3.135777 -8.557695 2.798242 
-2.803735 6.724143 -4.369335 -0.520951 -2.886746 4.008606 -8.070620 8.350169 -9.476913 3.751640 
-7.341838 6.639912 -6.832179 6.439100 3.245643 7.412641 7.820978 7.856380 -6.004517 -3.248085 
-4.777673 -1.197851 3.465377 -3.848689 9.422590 -8.449660 1.557360 5.713981 -9.337138 -6.295053 
-9.527573 -6.190680 -1.073336 0.054628 -8.365429 8.790857 1.272927 3.064364 -3.278603 -1.588488 
-3.912778 -7.375408 -9.086886 -7.433393 7.372967 5.682852 6.506241 -5.031587 -7.798395 -3.619800 
-5.013276 -0.597247 -5.538804 7.328410 -4.275948 -3.823054 8.005921 -7.366863 9.373150 4.385815 
2.356944 -6.686300 -5.858028 -4.374218 -5.939817 -4.283883 -6.970733 4.781945 -3.163854 -6.428114 
-9.837031 -6.500748 -6.356700 4.307688 4.369945 1.991943 3.777886 0.237129 -1.908933 -5.222633 
8.142644 5.264748 9.779656 -3.998230 5.799432 -2.280648 7.894833 -0.058290 4.941862 9.948119 
-5.371563 -7.661672 1.399884 5.286721 -2.523576 8.176214 7.816095 3.049715 -3.208411 1.521348 
6.602069 -7.861263 7.436445 -6.928617 9.818720 3.923765 2.661519 -8.986785 -0.911588 4.990692 
-1.662954 -9.169897 8.674886 0.412915 5.662709 9.679556 4.847255 8.145085 -9.528794 0.965911 
4.669027 -4.822840 7.270425 4.734947 7.310099 -3.926206 6.125370 -0.490432 1.038545 4.520096 
0.524613 -8.799402 -1.008637 -1.503647 -5.654164 4.710532 6.863308 9.719840 -3.953673 -6.144902 
-4.366894 -2.043825 -1.793573 -4.760582 2.455214 0.853603 -9.448836 1.690420 -7.159337 -0.101627 
4.571368 0.895718 7.250893 -6.868191 -2.130497 -5.139622 5.228126 -4.748985 -3.638112 5.804926 
-9.802240 -4.281442 2.455824 4.138005 8.054140 -4.499344 7.322916 4.123966 2.654195 -6.933500 
-4.591510 2.866604 1.366314 0.270699 -0.713828 8.245796 -6.232795 -1.260109 -7.012848 -8.585772 
-3.359783 -2.601093 1.938841 9.501328 8.375195 1.745964 -2.377697 -5.874508 5.920896 -4.481643 
-4.913175 -8.637654 7.390057 5.362407 1.437117 8.775597 -6.539201 9.133885 -6.577654 -4.855190 
-9.309061 -1.537217 -7.742851 8.521073 9.866329 -3.803522 -6.212653 -1.788079 2.518082 -0.649739 
2.133549 -3.643605 8.730430 8.190252 4.941252 4.678182 -0.643635 -7.920469 -1.649525 -7.932676 
5.779901 -7.299112 -0.176092 8.610187 0.332347 -4.709922 -3.053987 -8.320872 0.511795 8.500931 
-9.674673 9.732658 0.101627 3.530076 -1.273537 -0.584429 0.337840 -6.877346 4.548173 1.628773 
4.239326 1.087374 7.781915 -7.853328 7.222205 2.941679 6.571551 -7.553636 7.133091 8.317209 
-7.500534 -3.653371 6.821802 5.748772 -1.277200 -1.900998 -7.628712 0.468459 9.086276 -2.455824 
0.128483 5.834223 6.338389 7.968688 -4.365062 -0.984832 7.574389 2.275765 -2.389904 1.561022 
5.029145 3.109531 -9.912107 -4.520096 0.345164 -7.460250 -4.149602 -4.553667 -9.551378 6.952422 
-5.731681 7.767876 -6.858425 -7.250282 -3.312174 -3.262734 -9.442122 8.506424 2.476577 8.989227 
-1.415754 9.185766 8.859218 -3.509934 0.390332 -1.938841 -2.331309 8.790246 -7.815485 1.949217 
-7.862484 -4.850307 -0.682089 -4.606769 6.848048 7.181921 -9.134495 9.415876 3.976257 2.624287 
-9.185156 -9.534898 -1.049532 0.866420 -6.027100 5.187231 8.645589 -9.133885 4.728843 -3.367107 
5.241554 2.066408 6.793115 7.546922 8.876308 -1.049532 2.038331 -3.656423 2.203131 9.852901 
6.566668 1.410260 -0.001526 -9.349345 2.126225 -0.655232 -3.075961 -6.029542 -8.992889 -7.220985 
6.584368 4.518876 -7.460250 -6.617939 -5.007172 -8.827479 9.314554 -4.304636 1.585437 -3.538621 
1.259499 7.406537 -9.113132 -5.957518 -4.310129 -8.305612 7.977844 -5.178686 -8.537553 7.274697 
0.863979 -7.676321 5.353862 1.756340 2.897122 7.952818 -1.208838 3.953673 -1.650136 6.750389 
-6.940214 -9.240699 4.285104 4.298532 -8.885464 -5.777459 -8.165838 -4.628742 -5.887936 4.436476 
0.024720 4.972991 -9.201025 -6.121708 5.258034 -7.617725 7.877743 -1.177709 -0.413526 8.834193 
-0.531327 3.436689 0.901822 -0.548418 3.805353 2.212287 8.162786 -9.933470 5.274514 6.333506 
4.782556 9.548326 9.940184 9.613636 3.314005 8.258614 -7.340617 -0.367138 -5.461287 3.271279 
3.937803 9.695425 -5.894650 -9.025239 -5.377056 -2.773827 9.823603 -2.322764 6.583758 4.246651 
2.750633 8.845790 7.487716 5.536973 5.193945 7.607959 -2.195807 0.126652 8.749351 3.132725 
8.163396 -8.276925 5.504624 -0.481277 -4.814905 -6.281625 -4.468825 5.816523 -6.083865 4.382153 
3.793756 -2.192755 -5.012665 7.883236 -0.406812 -7.830744 4.629963 6.750389 1.678213 3.642384 
-4.340037 1.409650 2.142705 5.836665 7.574389 2.409436 -7.759941 6.288949 3.859676 -9.028291 
3.236488 -3.588672 4.669637 -6.511734 5.422224 6.939604 2.963042 5.581530 -1.577502 9.517197 
2.253182 -8.633381 -4.086734 -4.960784 4.082461 -6.464125 -2.120121 9.380474 3.344523 -0.121769 
-6.458022 -2.880642 -0.414747 1.879025 8.060854 -6.086306 2.410047 -8.988617 -3.832820 -1.882076 
-0.893887 8.348338 -4.172796 2.291635 2.629780 -6.882839 5.068819 -4.786218 8.061464 5.831172 
-4.902188 -4.971160 -4.336375 -8.392285 2.835475 4.152043 8.669393 -0.683920 -4.017151 6.558123 
3.915830 2.161626 -6.240120 -1.926634 3.461715 -4.652547 -3.572802 -9.691763 5.300150 -3.572802 
6.725974 -1.158788 1.301004 3.978698 -3.647877 -3.714408 0.506302 0.224311 0.600299 0.870083 
5.897092 -6.777856 -5.707266 1.145970 2.766503 4.249702 -7.875912 7.454756 6.819361 -3.991516 
6.542863 -9.222388 -9.881588 7.277749 6.301767 -0.404370 -6.984161 9.632557 8.791467 -4.622028 
0.175481 -8.137150 9.291971 -2.668844 8.829920 7.711112 0.263985 -2.968535 7.385784 -7.451094 
3.800470 -6.437880 -7.491379 4.636067 -9.631947 9.788202 2.803735 -3.436689 6.967681 0.381176 
-2.771996 -7.475509 7.827082 -7.760552 -3.647267 -2.973418 -9.238868 7.902158 -5.398419 -9.324931 
-7.676321 -7.397382 1.591540 -1.346782 4.866787 -4.415113 0.699179 7.520066 8.643147 6.291391 
2.980132 -4.044618 2.075564 -3.932310 4.562212 -4.924162 3.308512 5.997803 5.644398 3.944517 
6.179693 -8.507645 -0.782800 -4.098941 3.726615 4.269845 7.642140 1.337016 2.359386 2.333140 
-4.804529 2.544939 -0.176092 8.590045 -5.270852 6.255989 -9.924924 8.724937 -3.455000 9.504379 
8.192694 8.953825 -2.374035 4.432814 -1.542100 4.290597 -0.652791 -2.327647 -1.275369 -2.055422 
-8.219550 9.913938 4.198431 2.472304 -7.266152 -8.702353 3.757744 3.317057 -0.364086 -1.739860 
-8.059633 -4.645833 2.400891 7.432783 9.714957 -6.929838 -4.605548 -7.747124 -2.830592 4.996796 
-3.375042 -2.114017 -8.758507 -6.970122 -7.714164 0.095523 -8.395947 7.258827 -5.220801 3.680837 
7.851497 -3.077181 -7.668386 6.116214 -8.912931 8.130436 -1.651967 2.002930 3.063143 8.957488 
-1.391339 -6.027711 5.973998 -7.442549 4.444411 5.655995 6.042970 -1.098972 -9.982910 2.353282 
-5.974609 5.774407 1.822871 -4.984588 -4.255806 9.659413 -1.452986 -6.818140 -4.202094 7.125767 
9.398175 2.480239 7.549974 -2.649312 9.040498 -7.678152 -7.465133 -3.599048 -2.742698 9.425642 
2.408826 3.890805 1.460311 2.775658 6.554460 -7.342448 -9.821162 -4.342479 -1.517685 2.063356 
-4.346141 -9.611194 4.143498 5.553453 -6.352428 1.365703 5.280618 -6.896878 -1.379742 2.058473 
0.945769 -0.830409 2.368542 1.575671 0.304270 -3.226722 -5.725578 -3.572192 9.855342 8.344066 
-8.718223 -6.897488 8.186590 -6.057619 -4.285714 7.096469 -8.597980 7.496261 9.083224 -5.995361 
2.330699 1.662954 -0.015564 -1.680654 6.650288 -8.043764 -5.766472 -4.464553 9.053926 0.749840 
5.343486 -6.788232 -7.420576 -8.206732 -6.519669 6.597797 -5.773797 -4.141667 -8.972137 -5.547349 
-0.014344 -1.856441 2.868435 -9.304788 -7.587817 8.062685 -0.478835 -2.513199 -6.138798 2.038331 
-8.742637 -4.610431 -1.489608 -0.068056 1.315043 -3.773614 -3.704642 5.730461 6.339000 -5.751823 
1.893063 -6.887722 2.177496 1.258278 -8.143254 6.526383 3.149815 1.300394 3.050935 -1.599475 
-7.081820 -9.456160 -4.509720 -6.889554 -4.911954 -2.009644 -7.271645 -1.673330 1.655019 -7.377239 
2.902615 -5.625477 7.431562 -7.369915 -6.431166 2.226936 8.576006 2.318491 3.456832 0.748009 
-6.652730 -7.647633 4.252754 -6.172369 3.210242 8.936125 -4.439528 -1.979125 -7.584765 7.564013 
6.138188 -8.681600 4.189276 -3.029572 4.557939 -6.321909 -8.362377 8.898282 -7.598804 -0.065615 
1.514634 -0.691855 3.119907 -4.277779 8.956267 -3.331706 -0.319529 -2.970977 1.322977 2.928861 
-5.865963 4.005554 -0.732139 2.822047 2.212287 9.659413 -6.847438 7.109287 -3.903623 -5.944090 
2.943510 5.393536 8.473464 4.656819 -0.292062 -5.871456 -8.998993 -6.594134 -3.162023 -4.545732 
0.322581 -8.789026 9.124729 -7.532884 -5.267190 -9.579455 7.809992 -3.428755 -5.358135 -4.054994 
9.737541 -7.485885 9.953612 -4.374218 8.734703 -3.244423 7.474899 -9.506211 7.343059 -5.232398 
1.497543 -4.465163 -2.976470 -7.082430 0.666829 -8.416700 4.968719 -9.461653 -5.740226 -1.020234 
-4.365062 7.820978 -8.991058 -6.393323 5.135350 -4.846644 -6.414075 -4.063540 -3.405560 -0.468459 
1.876583 -6.294443 -5.376446 -6.340220 8.166448 8.855556 7.006134 3.376873 -2.630390 9.345683 
-8.258003 -0.974456 -4.579302 -3.514817 -2.429579 6.393933 -1.045869 8.392895 -3.911557 2.845851 
9.396344 -9.792474 -6.398816 -5.716422 4.601886 -8.302561 0.819422 -1.457259 -8.850063 2.860500 
8.538774 -9.133274 -9.568468 8.168889 7.413862 -2.928251 1.648305 -9.934690 -0.034486 -9.966430 
-5.148778 2.350230 2.937407 -4.877773 -2.850734 4.061708 8.124943 0.199286 5.195776 -5.496689 
-0.188299 -4.178900 7.098910 0.025941 -3.068026 1.254006 6.867580 -6.817530 -1.921751 1.937620 
-5.480819 -5.092013 -2.506485 -5.980712 -5.019379 0.314035 -9.838252 1.584216 -1.099582 -1.244850 
-5.877560 2.201300 8.499710 8.771935 8.140202 6.421400 1.589099 -1.459090 -7.149571 6.840724 
6.876736 -7.540208 -6.494034 2.359996 -6.318247 -5.507675 -7.551805 -6.732688 9.198584 8.888516 
9.434797 -7.236244 6.413465 8.920255 -2.062136 -9.443342 -4.178289 -5.751213 -4.449904 -5.845820 
4.048891 7.545091 -3.389691 3.476974 -7.483444 -9.002655 5.187841 4.412671 -0.726646 -6.673482 
-3.461104 -3.053377 -2.892850 7.931455 5.164647 3.482467 -8.917203 -7.208167 7.597583 -7.014069 
8.610187 -7.236854 -1.960814 6.573992 5.176855 -5.137181 4.974212 0.170598 -1.123386 -2.795801 
6.883450 9.866329 -3.155919 2.182989 -4.812464 -4.415723 6.733909 -5.459456 2.542497 8.710898 
-3.641774 -5.051729 4.604328 -0.727256 -5.376446 9.711295 -6.595355 8.334910 -3.133335 7.235633 
-9.550768 1.195410 7.745293 1.883297 -2.334361 7.043977 4.779504 -4.173406 -5.671255 0.679037 
-4.306467 -0.462355 -1.907712 -8.074282 -7.337565 1.540269 -1.760613 -1.626942 -3.397015 8.038881 
-0.709555 7.053743 -5.372784 3.058870 3.086947 0.699179 3.785211 9.718009 7.471236 -5.813471 
4.221015 3.256630 9.702139 -3.193762 -5.131077 -3.550829 -7.286294 5.976440 -5.183569 8.027894 
2.355724 8.024842 3.446455 -5.270852 -6.267586 -8.331248 2.505264 -2.385632 -5.226905 9.816279 
-6.794946 3.254189 5.144505 -4.693442 -8.513138 -9.564806 -1.348613 6.230354 -5.422834 2.996002 
7.231361 6.434217 1.958373 -0.585650 -5.324564 -3.144322 3.874935 -0.213935 -1.792352 3.297525 
0.506912 0.805994 6.031373 -3.726615 4.931486 -0.613727 8.985565 8.551592 -7.001862 -4.473098 
-5.577258 6.011841 -6.756493 -4.925993 0.440992 -2.541276 -0.030213 2.982574 -1.411481 -1.004364 
2.611469 7.714774 3.178503 -1.402326 -5.481429 7.394330 -4.683676 -3.495895 -5.721915 -1.656850 
-0.203558 7.059847 2.695700 -3.371380 2.958769 -2.380749 8.572954 -6.760155 9.656362 -9.843135 
6.392102 -6.473891 7.448042 1.184423 -0.952483 1.512192 -3.858455 5.624866 8.732261 -0.271920 
-9.186987 0.251167 9.121677 5.167699 -3.570360 -7.678152 1.965087 -7.994934 2.196417 9.038057 
-8.779260 1.696524 -6.244392 -6.561785 -2.146977 -8.914762 -8.635212 2.379528 8.417310 -0.852992 
-7.825251 -7.806330 0.562456 2.983184 4.731285 7.682424 -1.429792 3.705863 -6.166875 0.043031 
2.057253 -7.174596 3.865169 9.376202 0.968963 -0.226142 -1.269875 -2.620624 -0.014344 -8.817713 
6.511124 5.867794 5.469832 2.546159 6.983551 6.736961 -1.927244 -7.107456 -9.896847 -1.004975 
4.138615 3.088778 3.598437 -1.505478 9.011811 8.395337 -2.217170 -4.021424 5.392315 5.917844 
5.728629 9.078341 -0.148015 7.553636 6.909696 3.874935 -9.361553 -0.923185 -7.553636 -8.336741 
-0.105899 -4.015320 0.082095 -3.469649 -6.584979 -3.283486 -2.994781 -0.618610 -8.925138 3.891415 
-1.348613 -5.965453 1.033662 -5.829340 1.606189 1.017792 0.863979 7.384564 -1.264992 -5.327616 
-1.283303 -4.464553 -5.336161 9.219337 -2.351451 2.314219 9.736320 -0.621662 -3.759575 -6.253548 
-9.428083 1.196020 8.629109 -9.402448 -4.644002 8.687094 -2.924589 3.159581 -8.030335 -8.077334 
0.205390 -0.953093 -2.889187 -7.809381 -9.973754 4.625690 -5.495468 -0.154118 0.871914 -9.302347 
0.347606 -9.512314 3.373211 3.071688 -5.898923 5.081027 6.604511 8.637043 2.760399 9.641102 
1.510971 -2.424085 -3.273721 0.121769 8.753624 -7.670217 5.403912 8.123722 4.092227 3.948790 
-9.348735 -6.960967 4.432814 6.450697 6.209601 -3.720511 7.664724 9.809565 1.224097 3.187048 
9.410993 2.208014 -3.995788 8.273263 9.815668 2.164068 8.127995 9.402448 -6.498306 -8.825648 
-2.977691 6.542253 -4.190497 7.484664 5.150609 -9.288308 -1.543931 -8.383740 3.921323 -1.249123 
7.730644 4.285104 2.450331 -0.467849 -1.648915 7.317423 7.300943 7.244789 -3.879818 8.203681 
-8.679769 7.374798 2.480850 -1.089206 -0.285958 -8.998383 -5.876949 9.575793 -8.545488 3.047884 
0.747398 7.706229 4.186834 0.086978 -5.878170 3.516037 0.713828 3.361003 -8.449049 -7.983947 
5.230567 2.605365 6.882839 -7.506638 7.390667 -3.672903 -7.818537 -4.011658 2.360607 4.152654 
3.191931 1.414533 4.974822 -3.133946 -8.290963 -9.071017 6.110111 -0.227363 -2.000488 5.193945 
9.420148 -4.993744 6.373791 9.134495 -3.456832 -1.593982 -2.941679 8.839076 -1.090426 -3.409833 
-2.524186 -9.785150 4.277779 -0.152287 6.065554 0.024720 -3.879208 -3.522752 -8.231758 -0.069277 
-6.006958 4.196600 2.302011 -5.826899 -7.008576 4.244819 4.346751 1.510361 -9.549547 -6.191290 
8.774377 -7.968688 -2.015137 2.392346 4.037904 -0.513016 7.007965 7.753838 -9.146092 9.748527 
5.856197 -2.954497 1.294290 -3.978698 -3.366497 8.765221 -4.579913 1.453597 9.916990 1.158788 
-1.418806 -0.267037 5.425275 2.693258 -7.501755 -5.662709 -3.197424 -9.782098 3.268838 7.026276 
8.621174 -9.541002 -0.599078 -3.774224 3.736381 -9.555651 3.022858 -4.081851 9.120457 -7.490158 
7.369915 -4.338206 -1.704459 -0.503861 3.695486 -7.629322 -1.504868 5.767693 -9.285867 -5.520493 
0.676595 -0.326243 9.714957 9.113132 0.508744 -6.915189 -1.545763 -7.112949 8.463088 3.620411 
6.976836 -3.026521 -2.870876 5.198218 8.460036 7.040925 3.885922 -7.471847 8.234809 8.706626 
-2.955107 -4.820399 4.090396 -0.875576 3.596606 6.838893 0.991546 -4.678182 6.683859 5.391705 
-6.661885 -0.071108 -9.074679 9.448836 -2.111576 -5.089572 3.722343 6.939604 -9.533067 3.929868 
-9.346904 1.408429 9.596545 -6.025880 -6.891385 -8.377026 0.153508 -3.137608 6.271859 -9.868160 
0.206610 1.254616 5.572985 -3.607593 4.126408 -4.195379 -0.247505 -9.906613 5.122532 -5.940428 
-1.355937 0.298776 -9.690542 1.751457 -6.187017 -3.965270 -8.552812 -2.908719 0.168157 -6.050905 
4.460891 4.695883 -3.320719 8.666341 0.878628 -6.224250 -5.681021 1.458480 4.312571 1.204566 
9.354228 -7.130039 -4.905240 -9.909055 -9.882199 -5.096896 -3.786431 4.496292 -4.618366 8.405713 
3.650319 -9.107028 -7.550584 1.274758 -5.731071 7.022614 -6.887112 -6.890774 -5.638905 8.746910 
-4.426710 1.931516 1.981567 -4.457228 -9.528184 -1.399274 6.199835 5.250710 -0.856655 4.553056 
-3.610645 -1.296121 2.221442 -1.517685 4.683065 4.869839 6.721702 7.592700 -5.288553 7.119053 
9.727165 9.045991 -0.235298 1.258278 6.795557 -2.769555 3.484298 5.942259 3.224891 2.474746 
6.224860 -3.907895 -3.708914 -3.171789 -9.797357 -0.048524 6.586810 -7.454756 6.560564 -9.605090 
6.591082 8.879971 -2.535173 -8.875698 4.584796 -7.168493 -3.622852 8.367870 -7.952208 9.464705 
-0.393384 8.715781 -7.343669 7.410199 -7.721488 -6.287118 1.003143 -4.797205 1.846065 -8.165227 
9.173559 -5.943480 2.257454 -1.531114 9.298685 2.707907 1.923582 4.528642 -9.796136 -0.041810 
-1.413312 4.332102 -3.705252 0.537431 -5.757927 3.353069 6.780908 9.909665 -6.790063 -3.511155 
3.387249 -6.351207 -3.492233 -2.544328 4.663533 7.017731 -4.369335 9.943236 -4.981536 0.352489 
-1.129490 1.152684 6.608173 5.907468 -6.695456 8.342235 2.198248 1.761834 -4.435255 -0.994598 
-2.869655 -1.577502 -5.469832 -4.692831 8.514969 3.750420 -0.950041 3.402509 9.772332 -8.172552 
-6.161992 -1.738029 -1.346171 -8.598590 -3.348186 4.633625 -3.133946 -0.484939 -0.116276 4.757530 
9.414045 -4.034852 9.700919 -6.531266 1.802728 4.203925 5.835444 -8.696860 3.217566 -5.692618 
-4.824061 -3.761406 -6.204718 -6.354259 2.265999 4.694662 4.134342 0.865810 9.843745 2.410657 
5.145116 8.827479 -7.455367 -4.159978 -3.610645 -7.898495 -3.102206 4.667196 -8.992889 4.672689 
-9.273049 6.091189 5.384381 3.453169 -4.897916 -8.515580 -8.342845 3.247475 1.944945 6.067995 
1.209449 -1.211890 -9.571520 -7.790460 -2.744530 -0.538652 5.295877 6.989654 4.661702 -7.640919 
-9.799188 -5.359966 -4.887539 -0.728477 -0.763268 4.501175 -4.242988 3.254189 -0.267647 -4.898526 
-0.544145 -9.614246 9.474471 -4.997406 4.752037 2.351451 1.467025 1.024506 3.696707 5.464949 
-0.647908 4.476760 5.651723 -8.229926 -3.378094 6.024659 -4.809412 -2.172613 2.744530 9.815058 
-7.769707 -3.172399 9.327372 -2.521134 -7.490158 9.650868 -0.553911 -7.350993 -3.451338 -9.511093 
-6.735130 -3.395184 5.204932 -7.324747 -6.937162 5.678579 9.962767 -9.678945 0.811487 -8.960540 
-3.931089 1.408429 -8.597369 -8.504593 6.646016 7.946715 -5.322123 -0.085147 5.907468 -1.173437 
9.364605 -6.082644 9.601428 -9.004486 2.050539 -8.561357 0.800501 -5.422224 -5.669424 1.811884 
-0.821863 -2.438734 -8.769494 -7.028718 1.871700 -4.313791 -5.942869 5.426496 4.087954 3.149205 
-9.222999 -6.395764 -2.450941 9.754631 7.065950 5.215308 -5.080416 0.134587 -8.855556 -0.762658 
-1.664785 0.666829 -4.470046 -6.830958 0.155339 9.711905 8.825648 0.158391 -5.929441 -3.207190 
0.671712 6.642964 4.685507 6.350597 -7.009186 -8.879971 -6.299936 -8.311106 0.646077 -5.318461 
-9.176000 -5.253761 -5.369121 3.919492 7.537156 -2.695700 -9.063692 -3.147984 1.827143 -0.724204 
-1.805170 -7.526780 -7.969298 9.681997 7.244179 -5.431990 7.903989 5.949583 -4.269234 -9.600208 
-2.967315 7.159948 -9.123508 -5.079806 -5.264138 -3.138829 3.530686 1.095309 -4.441969 1.080050 
-3.358562 7.004303 -5.507675 -2.851344 1.264382 0.309763 -3.943297 -1.014130 3.234657 -9.254128 
-0.656453 -5.560778 -6.373791 -8.770714 -2.825098 0.328684 6.131474 -1.764885 -2.521134 -9.193701 
-5.528428 -7.948546 5.023041 4.668416 -7.022004 7.548143 -8.380078 7.224647 -6.540422 -3.934751 
-7.061068 -7.621387 1.482894 9.077731 0.039369 0.517289 5.194555 4.225898 3.757744 -2.150029 
-0.196234 4.363842 0.073550 -7.184362 0.862148 -9.763787 -5.427717 -4.809412 9.443342 -2.582171 
-5.860469 -6.492203 2.375866 -1.874142 4.003113 -3.567919 -9.366436 -1.446883 -1.747795 -6.306040 
-0.986053 -7.676321 1.960814 2.231208 -9.766228 0.712607 -6.964629 -6.861476 6.561785 0.242622 
1.914426 5.073702 -7.885067 8.295846 -2.756737 -0.276193 8.950163 7.352214 -4.345531 4.976043 
-9.945067 -1.511582 3.770562 1.402326 2.397839 4.760582 -9.439680 -2.309336 3.124790 -4.910123 
-1.827754 -9.349345 2.053591 9.290750 9.367046 -4.592120 -6.417737 -5.157323 -0.321970 1.423688 
-8.867153 -3.940245 -7.574389 -0.041200 7.263100 6.257210 4.705649 -1.395001 -7.437666 3.556322 
2.476577 8.518021 -3.531297 0.943327 -7.120273 -0.037538 3.117466 -8.782922 -8.092593 -8.191473 
5.358745 -2.563250 -4.453566 -9.401227 -9.936522 9.509262 -7.474899 4.804529 -2.157964 -2.471694 
6.787622 9.909055 -9.699087 2.503433 7.817316 9.931639 7.966857 -4.910123 -3.061922 -8.972747 
-8.002258 2.956328 7.719657 -7.226478 -7.190466 -2.594378 8.601642 -7.213050 -1.262551 -0.115055 
5.880612 -9.725333 7.868587 -1.003143 -4.836879 4.168523 -3.844417 -1.351665 -0.571001 -8.559526 
4.952239 7.954039 1.810663 1.254006 1.081271 -6.476943 -8.763390 -9.455550 -7.429121 4.759362 
9.044160 -3.317667 -6.821192 -7.217322 -5.311747 -7.172765 -1.170995 -6.378674 -1.305887 1.600085 
9.088717 -3.724174 0.941496 -7.296670 -3.189489 6.298715 2.439344 0.113834 -0.936613 5.502792 
8.696249 4.463332 -7.524949 -1.572008 -7.181310 -3.753471 6.116214 6.194952 -3.539842 5.474105 
-4.954070 -1.644032 -3.250526 -6.611835 7.654347 3.393963 -2.685324 -8.113956 9.902951 8.463698 
-8.458815 6.249886 -0.376904 9.028291 -3.823054 6.834620 -6.033204 -1.005585 3.413495 5.316019 
3.147984 1.990112 9.570299 1.141697 -6.400647 -5.613269 8.508255 -6.202277 -6.329234 0.718101 
7.886898 6.522111 4.987030 -7.903989 -3.592334 -2.912381 -7.405316 8.269601 0.153508 1.283303 
-2.968535 -6.071657 -3.847468 4.710532 1.421857 9.903562 1.299783 8.531449 -3.254189 9.864498 
4.750816 4.778893 -1.604968 3.155309 1.919309 6.871853 -2.860500 -5.611438 -1.800897 -9.057588 
-2.361217 0.417798 0.539872 -6.385388 7.612232 -4.679403 4.997406 1.846675 -9.200415 4.016541 
-1.614124 0.476394 6.841945 -4.861293 2.161016 -6.919462 -8.812220 -6.210211 -3.354289 1.783197 
-1.821039 4.810022 -6.258431 1.632435 0.414136 7.167272 -3.763848 -4.825892 7.533494 -9.881588 
-8.160955 2.843410 -2.464370 -8.255562 0.069887 -5.195776 3.766900 -9.504990 0.119327 -0.141301 
-9.307840 -9.633778 -2.182379 -2.950835 1.584826 -9.659413 -0.174261 5.583361 -8.749962 -1.298563 
-6.822413 -1.294900 6.923734 2.860500 -1.698355 -2.867824 -9.558702 -4.680624 -6.360363 7.694632 
4.844203 6.386608 -0.000305 2.785424 -1.496933 4.274117 2.750633 6.268197 9.921873 -6.790063 
0.001526 1.441389 6.319468 -9.824213 -5.121311 6.709494 -0.864589 -9.092990 0.030824 -5.432600 
9.564196 5.774407 -7.517624 -0.464797 7.261269 -3.830988 6.970122 -9.342631 -4.663533 -7.968688 
5.873287 -5.797601 4.760582 1.126438 -6.123539 2.180548 -8.693197 -9.294412 -4.518265 -7.693411 
-1.830195 -7.818537 3.497116 -4.964446 -2.645650 9.426862 -3.374432 -6.710715 -7.004913 1.335795 
-5.715812 -9.493393 -0.292673 -0.729087 6.771752 -7.360759 -0.899991 -9.986572 8.912320 -0.286569 
7.585986 4.846644 -4.696493 -7.405927 -1.404157 5.397809 5.290384 -9.436018 -7.659841 6.865749 
-4.212470 5.347758 -3.767510 9.251076 -9.917600 7.210608 9.095431 -2.776269 0.738243 8.748741 
-7.709281 -0.752892 -5.280007 2.000488 0.884732 6.580706 -1.118503 -5.494858 -2.027955 2.798853 
-6.082644 -0.069887 5.298929 4.434645 -5.075533 8.890957 -6.711325 3.386029 6.688742 -4.402295 
3.619190 -8.297067 -8.182318 5.942869 7.453536 -0.616779 -0.137638 2.657247 -7.535936 5.800043 
-4.477371 -6.831568 1.772820 -4.611652 -5.901975 -4.228950 -2.074953 -1.785638 2.275765 9.748527 
-4.965056 6.051515 -7.598193 5.062105 -7.789850 4.588458 8.355052 -2.763451 -8.597369 -7.600635 
-8.858608 3.067415 -7.215491 7.293619 2.347179 2.768334 -9.197363 -9.330424 -6.438490 4.194159 
4.009217 -9.489120 -0.090640 -5.242164 1.816156 -6.367077 5.800653 -3.332316 1.282693 7.811823 
1.039155 -8.893399 -2.930082 4.425489 -4.595172 6.989044 -2.317881 2.227546 9.837642 -0.096744 
-8.873867 2.873928 -7.654347 -3.115635 -6.896268 -1.163060 -3.226112 -7.374187 0.874966 4.325999 
-7.465743 -7.237465 5.903806 9.839473 3.454390 9.850459 8.423414 -9.023408 3.837703 7.664113 
7.036653 -7.866756 9.885861 -0.554521 6.484878 -4.300974 -5.408185 -4.284494 -3.301187 -2.604144 
4.239937 7.285073 6.273080 -1.631825 4.623859 -0.915250 3.469039 -5.341044 -4.877163 0.443434 
7.890561 -5.307474 -1.241798 7.430952 5.945311 5.390484 6.338389 2.902615 -6.780908 -2.457656 
2.842189 9.859004 -3.108921 -8.931852 -5.849483 3.754082 1.311380 -9.224830 2.253182 -0.627155 
9.871212 -6.738182 7.056185 -2.096927 6.281014 -4.433424 2.919706 9.830317 8.395337 6.210211 
8.044984 -0.728477 -2.306894 9.236427 -5.165258 5.391095 -2.443617 1.895505 -0.633869 6.498306 
3.455000 -3.423261 -1.927244 2.475356 -1.825312 7.628712 9.796747 1.145970 -4.792322 -6.316416 
-8.697470 4.214911 3.433638 -3.879208 4.404126 -1.596423 -3.785821 4.280221 2.806787 7.405316 
-1.975463 8.064516 -3.188269 -9.713126 -8.247017 8.547319 3.992737 1.959593 -0.214545 7.212439 
3.968932 1.344951 2.007202 4.452345 5.414289 2.862941 3.841975 7.952818 3.410443 -3.138829 
-2.544939 1.576281 -4.718467 -5.378277 9.247414 -4.609821 -6.973785 3.556322 -3.239540 7.441939 
0.479446 8.222602 8.124943 -2.076785 -6.674703 2.792138 7.165441 6.341441 -9.916379 -9.419538 
-2.695090 -7.679373 -7.797174 -3.723563 7.376629 -9.334696 1.374859 6.494034 -7.528001 1.302225 
-7.795953 4.263131 -7.039094 4.731895 8.354442 -6.901761 4.797815 3.614917 0.291452 -3.743706 
4.234443 1.111789 -7.239296 6.818140 0.085757 -3.389080 0.108951 -5.786615 -3.351238 9.459212 
-2.414319 2.820215 0.413526 -8.671834 6.747948 8.250679 -6.311533 -2.161626 3.088168 6.968291 
8.268990 0.065615 4.014710 4.841762 2.258675 6.553850 5.311136 0.274361 -6.805933 -3.536790 
4.192938 7.524949 -9.427473 -5.525376 -2.903836 -4.148381 0.925626 8.078555 -9.688711 -9.897458 
8.549150 -2.132939 -8.399609 8.371532 5.032807 1.465804 0.910367 2.350230 -9.305399 1.719108 
8.313547 -3.990905 1.061739 -0.244453 -2.696310 8.211615 1.504257 3.570360 1.566515 -5.095676 
3.173009 -7.271035 -6.651509 -3.493454 3.340861 9.840693 -8.443556 6.111332 3.284707 -0.599689 
7.708670 4.137394 6.835231 4.655599 -2.142705 -4.949187 -7.289346 3.090609 -1.379742 -8.217109 
3.771783 -8.821986 -4.566485 3.464766 6.304209 -0.990326 1.158177 -7.889950 2.479629 5.434431 
-6.838893 -6.130863 9.094211 -5.667592 7.001862 -9.526963 5.726188 2.642598 -5.160985 6.507462 
5.430769 0.776696 6.699118 -1.882076 -8.898282 -3.959777 2.706687 8.801843 -9.378643 -0.317087 
-5.566881 -2.117679 -6.081423 8.214057 3.458663 -2.690817 5.076144 -0.409864 -4.709922 2.403943 
-7.407147 -5.074923 -3.240150 -7.827082 -9.056978 6.316416 -4.979705 4.820399 -3.458663 1.441389 
6.265145 4.075137 -8.746300 5.533921 -7.693411 1.971801 -3.430586 -8.638264 -6.872463 -6.309091 
-8.438673 -2.150029 -6.469619 -9.894406 -2.237312 7.947325 -7.979064 3.641163 4.080630 6.385998 
-9.963988 -6.919462 -5.123753 7.945494 9.653920 2.945952 -5.670034 -3.150426 -2.102420 3.066805 
-9.773553 7.921690 5.779901 3.976867 -9.727775 -9.879757 0.182196 -6.249886 -5.917234 3.087558 
-3.278603 -8.088931 -6.045412 7.323527 -8.282418 6.037477 7.554857 -1.373638 1.380963 6.684469 
-4.352245 7.408368 6.359142 6.255989 7.986999 -6.476943 9.755852 -2.557146 -9.509262 -2.773217 
6.752220 -3.140660 -3.155309 -3.107700 -6.044801 9.498276 -2.372814 -5.887326 -3.401288 -0.368969 
-9.889523 -3.193762 1.717277 3.779717 1.847896 0.959197 -4.575030 -8.616291 -8.829310 1.622669 
-7.578661 8.787194 -2.268441 -6.204718 -4.155095 -7.832575 6.205939 -6.187628 -4.393139 5.043794 
-3.715018 1.866207 3.326212 5.968505 2.084109 -3.711356 -8.012635 2.050539 -5.915403 0.210883 
-1.543321 -6.085086 6.749168 -8.764611 -3.033845 7.739189 4.915006 -5.261086 1.708731 -0.021058 
-7.888730 -8.566851 6.651509 -9.577624 -6.089358 -0.189520 0.705893 9.180883 -0.558184 4.091006 
6.373180 -6.747337 -5.801263 8.312937 -0.011292 -1.710562 7.258217 7.170324 1.698355 1.169774 
6.036866 -5.760369 -6.720481 -0.970794 1.716056 -1.785028 -8.054140 0.356151 -1.547594 7.769097 
-1.751457 -6.219367 9.503769 -4.319285 6.204718 -9.809565 -6.610614 2.840358 -6.221198 3.783990 
-6.773583 -7.237465 1.843013 7.701346 -7.658010 -2.765893 -0.267037 9.843135 9.305399 3.720511 
5.533311 4.517045 5.499741 5.149388 -0.782189 5.525987 8.358104 2.710349 -3.240150 -3.676565 
3.384808 2.280648 3.351238 2.872097 -1.903439 -4.888150 -6.160772 4.813684 -9.003265 3.398846 
-1.474349 -9.407941 8.718223 1.355327 2.432630 -7.857601 4.450514 -7.574999 -3.823664 4.774010 
0.788903 -6.750389 6.564226 7.878964 -9.885250 5.015717 5.045625 -7.919248 -4.357128 2.813501 
2.135380 8.458815 6.259041 3.630787 5.946532 5.460677 8.268380 3.598437 -7.059847 9.141820 
7.187414 5.122532 9.033784 -7.655568 2.696921 4.522538 9.182104 8.457595 9.883419 0.804773 
-6.437269 -4.647053 9.898068 -3.807184 8.487503 5.165258 3.149815 9.038057 -9.838862 5.496689 
8.167669 9.739372 -0.575884 7.704398 -0.752281 0.300607 5.590686 7.880184 6.018555 8.138371 
7.515793 -3.853572 8.039491 -5.225684 -9.986572 -0.094302 7.571337 -9.957884 3.755303 -3.350017 
-6.373180 -7.583544 6.760155 1.976684 0.445265 6.109500 -4.376659 8.413648 -6.505020 -4.458449 
4.590289 0.699789 6.150395 7.829524 0.604572 3.127842 0.149236 3.896908 -7.535936 4.587848 
-7.027497 8.852504 2.199469 -3.071688 5.257424 2.242805 -3.196203 -7.736137 -8.627277 -1.181982 
8.442946 -5.148778 6.292001 0.430006 1.261330 -6.835841 -8.129826 9.683218 -7.080599 7.784967 
-4.332102 5.977050 8.981903 0.741295 5.436262 -5.451521 -1.721549 1.920530 -7.614063 9.150365 
7.372967 -1.833247 6.383557 -1.011689 2.250130 0.710166 -3.829157 0.539872 -4.634846 -3.465987 
-2.239753 4.878994 6.160161 -0.684530 4.112980 1.138035 -6.815699 5.561998 -0.764489 6.724754 
5.946532 -8.435621 9.810785 4.919889 -5.389874 -3.200476 -2.505875 0.488601 5.674306 9.401227 
5.006561 -6.082034 1.746574 -0.674764 -0.874355 4.918668 -6.448256 -5.159764 3.733329 5.803095 
2.286142 7.955260 6.014283 -4.623249 0.447096 4.423048 8.951384 -6.039918 9.273659 3.940245 
-6.769921 -9.832759 0.900601 6.164434 1.687979 0.069277 3.375652 8.174993 9.420759 9.364605 
-3.356120 9.011200 -7.317423 -0.818812 -2.357555 6.896878 -0.299387 6.140019 2.613910 4.793542 
-3.476363 -2.704855 4.776452 9.891964 -8.958098 -9.409162 -4.531693 2.677999 8.290963 1.440779 
6.896268 1.194189 0.166936 6.072268 4.603107 -3.880428 2.692648 2.251961 7.800836 2.294687 
3.934141 -1.982177 5.665151 2.317881 -4.286935 9.046602 7.739799 7.838679 -7.766045 -4.726402 
-3.431196 -5.833003 8.747520 -2.595599 0.674154 -6.167486 3.377483 3.924986 -3.985412 4.710532 
-4.757530 9.248634 -5.955077 -1.655629 1.985229 -6.377453 4.500565 4.092837 9.841914 5.416730 
-8.963591 -5.289773 -0.620441 -3.586230 7.839900 9.014863 0.021058 -9.255959 -4.654988 -2.765893 
-3.522752 -1.932127 3.176672 4.685507 0.231635 -8.356883 -1.558580 -0.607624 9.176611 1.906491 
7.500534 -0.724815 8.542436 6.177252 9.338969 4.537187 -3.752861 5.129246 8.664510 -9.131443 
5.775628 6.638691 6.857204 9.099704 9.727775 7.643971 -1.103854 6.918241 -2.847072 -5.367290 
-5.611438 -1.708731 7.806330 -6.605731 -9.180273 -3.802911 -3.567919 8.649861 -2.835475 -5.690176 
-9.779656 4.188665 -4.034242 -6.747337 -7.449873 4.145329 2.020631 -2.958159 -3.857234 6.025269 
5.790277 -4.640950 -1.238136 6.119266 -0.339061 -2.737815 4.571368 7.923521 -4.813074 -8.029115 
4.282662 -5.807978 9.426252 2.342906 -2.778100 -6.749779 8.508866 6.675924 8.427686 0.185858 
6.556291 -5.549791 3.918882 3.550829 8.076724 -8.352611 -2.748802 -1.802728 -8.041322 1.254616 
-9.515366 -5.129246 5.199438 -5.399640 2.692038 7.183142 4.474319 -0.872524 9.131443 6.593524 
-6.310923 -1.760002 4.208197 6.029542 -4.362011 8.847011 -8.650472 2.757958 5.875729 -7.780694 
-7.079379 1.139256 6.953032 3.802911 3.302408 5.895260 -8.878750 -2.410657 -1.744133 6.502579 
9.646596 -9.304178 3.711356 3.351848 -3.160802 3.752861 -2.917875 -3.720511 6.944487 2.745140 
4.252144 6.119266 -7.994324 -2.081668 5.351421 9.876095 -1.169164 5.386822 -7.559130 0.163274 
-6.819971 7.053133 -7.757500 9.523301 9.316385 -5.519883 -2.971587 -9.749748 -6.983551 -7.666555 
-3.199866 -9.645985 -3.798639 7.011628 -4.113590 -3.724784 -8.720664 -3.896298 7.073885 2.985015 
3.347575 4.293039 6.404309 2.092654 8.364818 1.323588 1.761223 8.588214 -4.565874 7.670217 
-1.627552 -3.160192 1.306497 3.523972 -5.653554 6.475112 -4.767296 6.723533 9.379864 8.770104 
2.301401 -4.740440 -0.256050 -5.828120 3.367718 -0.028993 2.698752 -8.422193 -0.281686 3.063143 
3.434248 -0.000916 0.581378 8.072451 7.681204 3.228553 1.617176 -3.103427 -6.890774 8.147526 
-7.495651 -0.470290 2.643818 -2.716453 1.762444 -7.894223 -7.188635 -3.742485 -3.084506 8.895840 
0.262154 6.732688 8.140812 3.872494 -0.428175 5.499130 -6.487930 7.470626 -4.539018 0.318918 
-6.024659 -5.832392 2.554704 3.147374 -3.827937 6.509903 -4.196600 -8.632160 -8.759117 -8.793909 
4.695273 -2.340464 7.722098 -7.075716 -5.618152 -0.882900 6.682638 1.398053 6.841945 6.259041 
-2.798853 -2.513199 5.210425 2.540666 0.325632 -6.198004 -5.604724 -4.994964 -0.371410 -4.469436 
1.112400 6.682028 6.497696 -2.921537 6.451918 -8.621174 -1.731925 0.157781 -5.884884 1.477401 
-2.660298 8.944670 7.440718 9.357280 9.392682 7.936949 -1.662954 -6.912748 8.825037 -1.875973 
1.266213 6.990875 9.551378 -2.889187 -4.620808 7.723930 9.270608 -1.197241 7.949767 -3.516648 
5.335551 -1.703238 2.215949 7.977233 -9.644154 -2.417982 2.767113 6.770531 5.643788 -2.307505 
1.587268 1.646474 0.640584 -7.071444 -2.106693 -1.404157 -3.553880 -7.225867 -5.113987 3.066195 
1.573840 7.132481 6.539201 -7.908872 -1.947386 0.506912 -2.447890 6.934111 6.014893 -9.244362 
9.594714 6.853542 4.875942 -1.960204 -3.039949 -5.361187 -0.752281 -0.411084 4.767296 -5.478378 
7.698904 -4.084292 -7.186804 -6.907865 2.495499 4.101382 -1.773431 3.857845 -1.560411 3.771172 
0.028993 6.051515 -1.062349 -8.603473 -1.260720 -1.676382 -2.582781 8.539384 -5.864132 -2.049928 
2.224494 -0.335398 -5.684683 6.158940 3.117466 5.154881 -0.840785 -9.772942 7.493210 5.135350 
-8.655965 2.956938 4.457839 -0.245674 -1.987060 -9.845576 4.882656 1.529283 -3.762017 6.749168 
-4.446852 5.384381 5.392926 -7.836238 -4.449293 -7.985168 -0.428785 5.575426 -7.017731 -9.802850 
3.163244 -8.325144 -9.810785 -6.340220 2.723167 -2.432020 -4.446242 -1.838130 -1.749626 -8.573565 
-9.962157 -5.618152 7.014069 3.527635 6.569720 2.260506 3.032014 0.299997 -9.596545 2.405164 
5.350810 -7.999817 -1.407819 -9.803461 -1.772210 4.651936 6.671651 8.212836 -3.635670 -3.141270 
0.710166 2.595599 -1.708731 -7.861873 2.824488 -1.003754 1.052583 7.376629 8.303781 3.707083 
-0.702231 8.046205 2.455824 5.616321 1.918088 -9.191870 -4.691000 4.611042 9.339579 4.119083 
2.287362 2.046876 4.612262 7.470016 8.987396 -1.082492 1.410260 -0.113224 8.184149 -2.663961 
2.071902 -1.688589 7.186804 -9.027680 8.801843 -3.508103 -6.331065 0.054018 1.164281 5.001679 
-1.891842 -3.439131 2.990509 3.020417 0.940886 -4.752037 -8.176824 2.499161 2.575457 -3.893857 
-5.970336 -4.672689 4.385815 -6.104007 -1.304666 4.137394 -1.205176 0.378124 -6.559343 7.365642 
-3.403119 -5.139622 -4.727012 -0.802942 9.624012 8.693808 -0.397656 -4.985199 -3.110141 -0.663167 
0.543535 2.988067 -7.662282 -0.381176 5.640736 -7.590869 2.314829 -2.186041 -1.877804 -0.574664 
-9.107028 -5.825678 9.823603 0.765709 1.175878 9.521470 -2.101810 -3.890194 -9.306009 -8.461867 
8.445997 9.711295 9.044160 -5.616321 0.173040 -8.098086 -4.140446 -2.753075 -8.775597 -8.889737 
7.275307 -2.523576 2.300790 -2.995392 8.984954 3.901181 -0.812098 5.397809 4.024476 5.975829 
7.830134 5.537584 -6.588031 4.366894 5.064547 0.400098 -2.239753 -1.386456 -1.856441 0.618610 
-2.007202 -2.520524 -3.824274 2.669454 3.284097 7.629933 6.599628 -8.060244 4.354686 6.247444 
-0.173040 1.307108 0.241401 -6.774194 -4.828944 5.845210 -3.332926 8.554033 -8.805506 4.294870 
4.140446 -9.481796 -6.411023 7.910703 -6.094241 0.359813 3.722953 7.322306 -0.132756 8.991058 
0.979949 -1.979125 4.620197 -8.589434 2.007202 -4.886929 -2.299570 4.447462 -9.992676 -2.052370 
4.197211 -6.566057 -2.809839 -4.742882 -8.172552 3.466597 -6.484268 -8.571123 -5.372173 0.846889 
4.850917 4.534745 1.359600 0.353710 -6.334117 -3.255409 6.774194 3.956114 5.393536 7.745903 
-6.151006 6.595355 -6.421400 -8.203070 5.131687 -5.335551 6.940825 9.039888 -8.697470 -7.190466 
-8.524125 -8.311106 -4.902799 4.671468 -9.277322 -4.260079 -1.301004 3.202307 -2.681051 -1.200293 
-7.264321 -3.824274 -1.031220 -5.322123 -4.996796 2.518082 -8.048647 5.364849 -2.958769 5.081637 
5.296487 1.013520 6.683248 -4.505448 8.738975 8.554643 4.708701 -3.301187 7.603076 -0.429395 
3.724174 -1.184423 -2.291635 -1.949217 7.394330 -6.052126 3.456832 -1.340678 -1.853999 5.563219 
-7.808161 -3.873714 -8.516800 -1.938841 7.987609 -3.591723 5.017548 2.172002 -2.036500 -9.778436 
0.357372 1.788690 -5.724967 -0.409253 5.972167 -2.118900 4.883267 -1.976073 -0.843226 -4.902799 
-3.756523 -5.047456 -4.776452 6.688742 1.034883 5.046236 2.048097 3.379315 -5.951415 -6.957915 
8.084048 1.804559 9.369488 -5.297098 1.989502 -1.850948 1.969970 4.535966 -8.026673 2.601703 
6.843165 -9.110080 2.996002 0.252998 -1.199683 9.067965 -0.056459 -5.928220 6.058840 -6.937773 
-5.093844 -4.432814 0.739463 -3.441572 6.685690 -1.222266 -0.591144 3.812677 -9.354228 3.202918 
-3.218787 1.042207 7.051912 1.305887 5.712149 8.948332 5.996582 -3.790704 6.604511 6.994537 
-2.932524 5.218360 -0.643635 -9.929807 1.857051 -5.222633 0.967132 8.160955 -2.551042 2.510147 
1.939451 9.651479 9.013642 -8.058412 4.592120 -1.114841 -0.382397 -4.443800 -3.590503 8.613239 
-4.599445 -8.215278 1.561632 -2.061525 -5.784783 -8.428297 3.704642 -3.593554 -4.127018 0.138249 
3.205359 4.844813 2.121342 9.558702 1.895505 -6.412854 4.464553 7.789239 -1.506088 8.710898 
7.968078 -0.237739 7.822810 6.896268 9.158300 6.179693 6.926176 9.555040 -3.845637 -4.376659 
1.241188 -3.165075 9.149144 -4.387036 -6.078372 -7.866756 9.364605 -1.766717 -8.541826 -2.253792 
-5.387432 5.955687 8.710898 -7.730033 9.581286 -6.717429 6.476943 -9.608142 8.968474 9.838252 
4.727012 -4.316843 1.601306 0.520951 4.631184 7.029328 -6.353648 8.362987 2.493667 9.314554 
-0.945769 -4.297922 8.732871 8.991058 -4.648274 9.302957 -4.980926 5.156713 -7.086093 5.043794 
2.708518 -3.238319 -4.167302 -2.193365 -4.315622 -3.418989 2.517472 -7.822199 -9.258400 -7.441328 
4.142888 -0.397656 8.634602 7.169713 9.077731 -2.396619 -1.087985 -4.593341 -8.591266 -3.300577 
1.670278 -7.964415 -8.298898 -9.359111 -0.661946 8.718833 8.097476 -4.407788 1.636097 -8.340403 
5.904416 -6.115604 -3.185217 0.372021 3.777276 7.962584 -7.686087 -1.788079 4.626911 0.154729 
-2.042604 -4.711753 9.387188 3.884091 -5.187841 -5.615711 1.748405 1.952879 2.839747 0.510575 
2.001709 -2.476577 -9.544053 4.716025 -1.896115 -6.586200 -0.863369 2.781762 -7.903378 5.346538 
6.179693 -0.578326 -10.000000 4.759362 -1.236915 -1.379131 -6.686911 -3.181555 2.413709 -9.277932 
0.231025 9.249245 -2.985015 -3.094272 -5.274514 -2.391736 3.480026 1.669668 -8.408155 2.635884 
-5.789056 -6.053346 -4.394971 5.292215 -9.521470 7.477340 2.896512 -4.880215 -0.167547 1.066012 
2.686544 -2.445448 -3.318278 9.346904 7.492599 -4.201483 -0.836512 4.677572 9.935301 -7.105014 
5.421613 0.796838 -5.723746 9.622181 2.431410 -1.138646 0.807825 3.828547 -9.518418 6.490982 
-8.789636 6.845607 -3.550829 -9.553819 -6.975616 2.588275 -1.011689 -6.433607 -8.663289 4.982147 
-1.244850 -3.414106 5.829951 -0.669271 -3.199255 -4.537797 1.294900 3.257241 -5.748772 -5.165258 
9.760125 -7.161779 -3.598437 8.244575 -7.666555 9.560533 -5.652333 5.730461 -1.091647 -6.279794 
7.287515 -0.561235 -6.168096 -0.101627 -1.398053 7.867367 5.690786 0.120548 8.861049 9.356670 
9.310892 -9.650868 -1.142308 5.478988 -1.887570 5.914792 5.817743 4.921720 -5.051729 1.515244 
5.887326 8.513138 -0.468459 1.417585 6.041749 6.000244 0.599689 -4.525590 -1.468245 5.212256 
-9.074068 6.586810 0.992157 4.229560 -6.691794 5.237281 -4.658040 7.189245 -4.340037 -3.279214 
8.597369 -5.656606 3.324381 -3.305460 8.720054 7.006745 6.747337 0.669271 -1.359600 -1.996826 
-7.382733 3.076571 1.556139 8.255562 -3.382366 -8.471023 0.655843 0.123600 5.895871 -8.099307 
6.373791 8.132878 9.386578 9.853511 -5.684683 -2.297128 4.117862 4.429151 6.968291 -7.481002 
-4.388256 -0.650960 2.323374 1.149632 0.513016 7.617725 2.546159 3.557543 9.570299 -4.915006 
5.800653 8.110904 -0.907315 -1.427351 -5.631581 -0.268868 9.013031 4.194159 2.181768 9.799799 
-4.333323 1.501205 -5.109104 8.442335 -2.562639 -0.928068 5.602283 9.826655 1.362651 -2.833033 
-0.598468 -8.911710 8.853725 3.086337 9.790643 -4.477371 8.635823 4.841762 0.164495 0.644246 
-4.957121 8.776818 -6.544084 1.772210 -0.211493 -3.243202 3.060701 -8.265938 -4.667196 8.556475 
8.184149 7.337565 -2.013916 5.060884 6.724754 3.215735 8.854946 -2.080447 8.822596 3.689383 
0.769982 1.268044 4.191107 -6.745506 9.314554 -8.858608 6.374401 -3.666189 -3.924986 8.214667 
7.030549 6.904813 2.254402 9.481796 3.388470 -1.359600 0.745567 4.510331 -8.008972 -3.816950 
4.822840 1.887570 -8.150578 -1.828974 1.548814 1.490829 -9.858394 -7.346721 8.037660 -1.801508 
-6.430555 -4.492019 -1.307108 -7.325968 -1.490219 -7.502365 1.550035 -5.152440 3.075961 -4.419996 
-8.159124 -4.289377 -5.778069 -5.899533 0.914640 -6.934721 -6.994537 -8.505814 8.629109 6.837062 
-8.853725 8.122501 -2.649922 9.583117 1.993774 0.861538 -4.323557 7.828303 -0.965911 0.080264 
-9.990844 -0.165105 5.064547 -5.376446 -7.891781 5.453963 5.154881 5.425275 0.741905 -6.337779 
6.521500 -1.615345 5.567492 3.428755 -1.556749 -2.878811 -8.639485 3.517258 -4.660482 6.238289 
-9.272439 6.866970 -3.862728 5.720695 3.408002 5.163427 3.053987 7.092196 -9.685049 -0.766930 
-7.083041 -8.053529 0.420850 -9.119236 4.151433 3.501389 -1.380352 -8.201849 -7.450484 -8.232368 
-7.304605 -4.830775 -1.037935 2.994171 7.512131 5.592517 2.024293 -6.022217 4.555498 -7.048860 
-0.952483 1.897946 -5.042573 5.855586 8.198187 -9.728385 4.114811 -9.726554 -4.906461 1.672720 
-3.963439 8.992279 -3.066195 -2.172002 -4.454787 7.512741 7.300943 -2.267220 -3.546556 2.025513 
-5.258644 -5.617542 -6.158940 -4.924162 -1.727042 0.779748 8.558916 -5.450301 -7.081820 5.809198 
2.085330 1.606800 8.411817 -9.371319 9.859004 3.182165 -5.810419 6.195563 -8.786584 -5.315409 
-6.198614 2.537614 4.036683 8.516800 1.850337 -9.575793 2.283090 -5.967895 6.606342 6.033204 
4.463332 4.578082 -8.596149 -0.749229 -8.765221 -2.784204 -2.043825 -3.760796 0.216987 0.774865 
4.705039 -3.123569 -3.838313 -2.152470 3.339030 -2.291025 4.596393 -3.648488 6.597797 1.034883 
7.072665 -3.707694 -9.509262 0.747398 6.136967 7.341838 4.058046 5.561388 -1.842402 2.867214 
9.788812 -9.757073 2.126225 6.022828 7.834407 -4.521928 2.557146 -6.454360 7.136753 6.995148 
-5.379498 -7.133702 -3.412275 -5.430769 9.622181 -1.836909 -0.638142 1.540880 8.959929 0.993988 
3.531297 5.458846 4.684286 1.116062 -7.899716 0.485549 -5.217139 -6.870022 5.573595 2.188482 
-8.680990 -5.432600 0.191351 5.328837 9.544664 -8.948332 -5.044404 -4.703207 -3.886532 4.150212 
-9.434187 3.793756 4.528031 -2.452773 -6.603900 9.399396 -4.071474 7.168493 7.637867 -6.346934 
-6.635640 -9.135716 8.727378 -6.738792 7.667776 3.302408 1.193579 -0.937223 3.047273 -8.333689 
-5.961791 2.380749 0.542314 -2.188482 -3.214515 -0.618610 7.446211 2.483901 9.316385 -5.936766 
-9.165624 -2.764061 8.619953 -9.493393 3.323160 -0.332347 5.584582 -4.995575 -0.832850 -2.398450 
-5.051729 -1.300394 8.851283 -2.156743 -8.455153 1.362041 -9.734489 5.121921 -4.041566 6.912137 
4.625690 6.863308 2.719504 -8.661458 -4.774621 9.400616 -5.834834 -6.383557 -2.817164 1.260109 
-6.912137 -9.741203 -3.723563 9.137547 -2.700583 4.133122 5.014496 2.199469 9.231544 8.147526 
-5.948973 -9.672231 3.701590 -5.541856 7.083651 -8.066347 6.970733 9.804682 -2.653584 -3.030793 
-9.791253 7.594531 -6.161382 0.755333 -9.492172 -2.612079 -4.606769 -5.739006 2.549821 2.374645 
0.733360 6.448256 -5.930662 5.490585 -7.380291 4.311350 8.231147 -5.207373 4.236274 6.242561 
6.041139 8.715781 5.916623 -5.664541 -8.071230 -8.167669 0.351878 1.267434 -4.386425 1.756951 
4.403516 -2.634663 -6.616108 -2.206183 5.634022 -6.495865 1.921751 -8.021790 -8.303781 5.445418 
7.784967 -6.878567 0.699179 -4.759972 5.683462 4.488357 -9.330424 -4.659261 8.665120 5.734123 
-3.752861 -8.980682 3.342692 -0.278634 -9.275491 6.740623 -6.711325 -5.149998 1.572008 -7.902158 
3.710135 3.514817 -2.446059 -7.044588 -9.454329 7.319864 -4.418775 3.397015 7.100742 9.685049 
5.407575 4.129460 -8.660848 6.448866 0.308542 2.954497 6.977447 -4.889981 -8.143254 2.934965 
1.477401 -6.671651 -3.069246 -6.120487 -5.909299 7.303995 -4.936369 -7.220374 -2.938017 0.665609 
4.283883 8.806726 3.119907 4.495682 -6.458022 -1.488998 2.383801 -0.892666 -0.121769 6.843776 
1.811884 8.208563 8.427686 -0.384228 -9.691763 -3.929258 3.413495 3.032624 2.624287 8.336741 
8.238472 -4.074526 5.168920 7.073275 2.795801 -9.703360 -3.136387 0.724204 -3.854793 5.819575 
8.157292 -0.444044 2.651753 -6.104007 -8.671834 -2.756127 -0.263985 -3.073519 5.211646 9.215674 
-4.654988 -1.619007 7.448042 8.373363 3.279824 9.331034 -2.588275 8.830531 -5.508286 7.042756 
2.922147 -1.725822 2.492447 -8.729209 -6.133305 9.591052 -9.024018 -6.130863 -4.133732 -7.629322 
1.805780 7.347942 7.105014 -5.074923 -8.533891 7.998596 -8.554033 -2.571184 -5.872066 -0.777306 
-9.033784 6.828516 -0.571001 -9.331034 -8.976409 -5.870235 3.113804 -1.174047 0.993988 4.691610 
-1.353496 4.675741 3.794366 2.154302 7.927183 -5.945921 -2.679220 -3.372600 -0.768761 -3.679617 
0.926847 -2.243416 -9.492782 6.979278 -9.936522 3.301187 6.142460 9.868160 -7.791070 3.843806 
5.337382 4.545732 7.213660 -5.743278 -9.799188 -5.504624 5.182958 -7.446211 -8.295846 1.778314 
5.024873 -3.254189 1.604358 3.751030 6.787622 0.334178 8.471633 -2.516251 0.907315 -2.944121 
5.944090 7.499924 7.500534 -4.481033 -8.663289 2.452773 8.815271 -5.662099 2.720115 -3.616138 
7.976623 -1.591540 -7.394330 0.165105 -2.859890 6.935331 6.357311 -1.228980 8.190252 -6.155278 
3.451338 -0.010071 9.099094 -8.790857 9.718619 -9.791253 -0.925016 -3.705863 -1.318705 2.892239 
5.627308 -7.126988 -9.876705 -4.620197 -3.335368 7.420576 4.006775 -0.366527 -9.233375 -9.186987 
-2.135380 2.551653 -1.266213 6.166265 5.803095 1.476791 -0.440382 -6.578265 7.218543 -9.469588 
3.938414 -8.671224 3.378094 3.387249 8.436842 7.423017 9.965819 8.118839 -6.544694 -3.358562 
3.738212 -0.262764 8.106632 -0.798669 -8.596149 6.060060 -4.874722 -1.650746 -1.147191 -7.489547 
-1.048921 8.630940 8.865932 1.500595 -9.907834 -4.714194 5.421003 -7.998596 8.911710 -4.597613 
-7.268593 -5.063326 1.943724 1.455428 7.134312 -9.978637 -6.118656 -2.148198 9.949339 -0.328684 
8.350780 -8.892788 -0.552690 5.602893 0.596637 4.286935 -9.956664 3.763848 -4.789270 -3.682669 
-3.162023 3.197424 -7.975402 -3.181555 -6.361583 4.486526 -6.713157 -2.938017 2.578509 3.384198 
-4.741661 7.686697 3.468429 -4.725181 -2.652364 3.799860 0.995209 6.071047 -8.096255 8.087100 
-2.104251 5.184790 7.809381 -7.451704 -7.761162 6.196173 -9.027680 9.503159 6.926176 -9.160741 
-5.124973 -7.537156 9.549547 1.933958 4.270455 -2.469863 -9.277322 0.888394 5.177465 5.913572 
-0.981780 -4.603717 4.289377 -1.791742 0.624714 -7.043367 -9.083834 1.062349 1.859493 5.836055 
4.599445 -3.155919 2.659078 3.101596 1.503037 -3.053987 -0.830409 -4.649495 2.735984 9.345683 
3.560595 7.761162 -2.302622 1.048921 -0.802332 7.084262 5.594958 6.044191 -0.716269 -1.788690 
8.250069 -0.616779 7.109287 -4.067812 -2.682882 8.027284 6.020997 7.518235 9.042940 -0.931730 
-2.748802 -8.256783 9.686270 -4.035463 -6.284066 9.988403 4.731285 3.406171 7.919248 -4.976653 
-4.987030 -8.563189 2.081057 -6.873684 -7.118442 -0.538041 -1.379131 5.137791 1.530503 -9.237648 
-0.887783 2.085330 -9.385968 -1.858882 9.844356 1.013520 -8.719443 -8.672445 2.104862 -3.380535 
3.742485 6.767479 5.320902 -5.654164 0.509964 -9.586169 1.169164 0.538652 -1.584216 -5.839717 
-3.206580 -4.701376 2.554094 -3.475753 5.245827 3.660695 -4.742882 8.216498 -8.720054 -9.291971 
-6.765648 -6.785180 -9.378033 -3.734550 6.005737 5.981323 0.840785 -5.215308 -1.256447 -4.579302 
-8.053529 -3.952452 -7.343059 -3.764458 -5.158544 -7.680593 6.039918 -1.717277 -4.254585 7.568896 
9.105197 -5.434431 -5.276955 -5.616321 -4.264351 -1.519517 -3.561205 -5.789056 5.278176 -9.052095 
-8.737144 6.535539 -2.510758 8.054750 -5.146336 2.632221 -6.215094 9.822382 4.343089 9.517808 
7.894223 0.739463 -0.757164 -0.285958 -0.945769 2.672506 5.214087 -7.534104 -9.129002 -9.212622 
8.799402 2.021851 8.971526 -6.896878 1.264382 -1.387677 0.558794 4.301584 -0.331126 -2.247688 
9.023408 -5.579089 3.281045 3.483077 6.702170 3.059481 -6.527604 1.188696 -1.062349 -0.292062 
-4.781945 5.605945 2.546159 0.843226 8.315989 -0.345775 -8.176214 4.403516 6.462294 9.713126 
-4.776452 -7.731864 -7.694632 -7.035432 -4.187445 1.379742 6.597797 2.441786 -1.351054 -5.889767 
